995000 1000 12.971527 12.971527 12.971527
8.383841 10.923420 0.535744
9.381195 2.405795 0.624805
3.991914 12.219049 8.431039
11.549188 10.443672 15.158613
6.563441 4.425540 6.219365
16.142168 1.050497 5.152493
9.876914 -0.108421 7.554135
15.310802 11.042943 -4.444114
3.419980 3.530956 -1.652740
11.139227 2.977762 13.676959
6.835080 6.523431 9.980333
9.173895 9.374083 6.948173
17.821855 12.725232 10.093152
-5.396334 9.863699 9.934685
10.471114 16.605989 6.027625
4.353313 7.495969 8.660372
4.381741 1.614854 11.799425
13.134256 9.389059 4.066669
6.904612 13.325454 12.649025
7.371701 0.281493 0.785955
6.340644 17.824775 9.348541
6.427851 16.313872 10.402138
-4.695567 13.716488 2.707638
11.819696 4.286298 13.743290
10.190236 14.480306 -1.571322
10.791017 1.071690 8.791041
4.632869 4.986868 3.443735
12.341757 10.544299 1.039466
0.607581 4.449674 7.458125
9.188438 5.558718 7.660561
15.567029 8.890412 3.138133
9.475738 12.588868 2.800328
10.457793 10.836831 4.694676
1.648073 12.021946 4.469475
5.039526 7.752355 -1.406189
11.575269 2.126150 1.793150
6.652219 6.408908 11.092773
9.821630 0.023572 17.381182
4.514977 16.691275 -10.495130
5.647237 -1.855263 3.366666
5.928702 10.989705 10.310971
2.394982 12.760623 -0.094713
0.601369 4.374175 9.901709
11.048217 16.080550 2.958180
7.923695 15.983307 15.164597
10.924996 12.297169 15.156108
1.534709 11.771120 3.262256
2.257093 8.776631 5.921441
7.061409 8.214062 -2.811109
2.531834 10.075874 -0.870215
8.278242 12.953851 11.804478
9.505885 7.625184 12.831033
10.196259 13.014820 8.980927
2.981033 -0.685295 3.280962
7.517210 11.129828 9.979968
12.747710 -3.676312 5.949619
4.206016 0.892819 1.224686
3.238576 -1.979904 1.823642
7.448505 13.158081 6.302428
6.235395 8.692147 6.572836
9.723926 7.682769 9.562673
-0.587764 0.551344 4.143729
16.305165 9.798051 8.317788
8.376342 -0.281509 4.527873
-2.243992 -1.351559 5.746112
10.829347 6.527516 11.746936
0.721405 12.563467 2.939439
8.521308 5.661986 6.111743
2.380938 7.393959 8.971661
0.523873 0.425735 13.879310
11.198893 10.496091 6.407181
-4.668793 1.958371 13.371435
8.271474 5.161864 -4.141812
6.743986 7.677352 8.223423
8.263368 6.737679 13.555958
9.447953 8.998526 3.919334
12.459946 0.106952 -0.197121
7.747094 15.052036 10.806586
4.182097 10.702633 2.566838
4.869182 2.481052 7.974851
4.520118 9.721045 8.763322
6.829949 10.246736 -1.476570
5.614967 8.652971 0.231826
10.216987 14.134215 5.663645
5.732039 -1.229315 6.330788
1.819008 3.052685 -0.818720
12.831407 12.140423 2.077026
7.680540 6.477817 14.809206
-9.591252 0.057993 6.080837
16.656633 5.232437 2.103057
3.706187 -0.237673 7.468657
5.740827 3.808481 5.677780
11.377202 11.950694 8.653473
15.420969 5.361217 1.043295
-0.534583 7.775336 7.504409
10.969014 10.144611 13.022907
10.954438 -0.174905 11.930895
6.120539 -1.123028 5.244822
5.757773 8.385438 2.253190
7.411380 8.080951 12.101305
-1.227305 4.917244 8.715402
6.138966 11.658563 7.307321
1.141978 16.237010 10.829805
10.945985 11.236138 11.512494
12.525563 8.513814 0.196248
11.703350 13.231178 3.291453
7.752751 10.890505 5.774804
7.077733 1.444245 12.058940
8.876684 -6.441535 4.440581
1.790574 -2.889241 0.804855
0.913813 10.638090 5.883988
-3.385327 10.943355 2.707759
11.929452 11.542128 4.035435
3.480059 8.512346 8.709835
4.355333 -1.596902 6.804604
3.656927 6.989829 8.026026
1.482684 9.207307 -1.356045
4.201167 8.218647 15.327691
5.151138 12.042170 1.695303
4.926756 -0.250647 7.065869
8.373714 12.179137 6.999440
8.753392 12.100423 -0.467930
8.068282 1.677809 3.450070
1.502202 7.316155 9.553440
9.543879 2.030881 1.957066
14.025722 7.696863 4.890842
9.119895 2.973587 7.224646
4.666947 13.324712 15.228137
-1.593154 -8.515152 12.688859
3.065109 7.131377 9.911773
8.586692 7.852974 0.372008
6.722726 0.372012 3.801466
-0.243744 6.888665 13.689827
6.964479 3.132697 2.735617
-0.669075 -1.562403 -2.432982
4.329222 8.754623 3.410250
16.584365 3.970234 9.171417
-5.606735 4.059677 4.185394
3.314043 7.218028 1.265983
8.167749 5.607399 7.488806
3.402955 6.671221 11.105812
10.345762 7.674103 0.690337
6.166900 5.280056 1.708897
9.194493 5.103643 13.550233
-0.203511 1.136173 8.667002
14.478301 1.396559 -0.439341
9.776028 9.032049 14.719732
3.809989 2.763535 4.644245
0.366249 14.162120 5.292381
3.603556 3.544565 7.426247
6.046169 8.153691 4.120897
3.087806 7.491190 4.891409
1.761922 15.251676 4.630273
4.993521 2.929672 4.542298
13.346639 15.222144 8.923956
11.279373 12.257919 4.880353
8.382811 11.864152 3.213691
16.680388 10.516556 9.373084
4.268250 13.997159 6.933918
4.495544 4.987272 10.645577
-1.336275 5.878194 14.482191
-1.636079 -0.758190 -2.219147
9.760669 10.526761 -0.854598
1.327020 5.474086 5.217760
6.932066 2.029634 16.226941
13.214140 4.343961 -6.707301
12.759348 10.944948 5.404348
5.904692 3.090976 16.291585
7.044110 4.564035 1.401001
9.764100 11.126430 7.211660
8.874148 10.049680 9.815627
6.467926 12.313307 10.628439
-1.972541 1.909087 -3.297335
9.083455 0.048207 9.295013
-2.526504 13.417351 2.274830
-0.374033 -2.590559 7.388274
9.480742 0.408030 1.505929
6.869262 1.788824 2.025502
1.697269 12.147684 -1.988107
1.026329 16.283337 1.809584
12.561327 15.758131 8.234589
13.326972 10.161343 1.598877
13.391706 -1.533401 0.839902
4.265803 -0.121544 0.512240
-6.074534 3.545556 0.894463
-0.888830 5.042593 2.728215
0.709326 8.940414 13.086017
9.723275 6.217877 6.776412
9.107673 13.518617 10.357775
6.154349 5.255516 4.779391
15.178683 5.844973 2.158104
0.588534 0.174441 7.805825
6.134672 7.561405 -1.283499
5.366429 5.930599 19.533019
13.586697 -1.209937 11.300310
5.901590 2.679657 11.415385
0.605851 3.271511 6.216534
2.576771 6.916816 3.009259
10.941569 5.438123 2.569156
6.070783 7.239656 0.992431
0.118501 13.143072 -1.520355
5.210966 5.804593 3.934583
9.975174 7.291287 8.388052
3.534359 3.976403 1.899574
0.535339 11.339923 -0.295888
5.882298 8.144594 10.394304
11.241198 12.114053 7.227480
10.407433 3.801095 -1.390224
16.497223 4.617253 7.409826
11.084078 5.183879 6.748863
11.232324 3.812481 10.203657
1.194240 6.786584 3.588307
10.317432 7.601859 11.263106
1.795773 5.115615 8.681902
5.941551 5.441212 12.133909
8.405492 11.158651 15.200404
8.833183 8.572886 9.511623
6.515744 -0.848530 3.450392
2.880552 6.156622 4.976333
17.270698 9.614823 11.941796
10.410298 12.520261 -2.910129
6.370892 1.685176 16.995581
12.036602 12.586349 6.102163
11.327751 1.876931 2.978684
10.916915 5.283568 7.951219
13.667972 17.600502 5.272077
5.124467 6.633108 1.539421
6.348882 2.702850 1.411292
-2.251457 13.865340 3.348308
1.812732 7.088690 1.124597
-3.348478 9.055825 11.074210
6.310341 9.071426 7.700744
3.179899 -10.505394 3.278957
8.429803 1.382867 -2.846670
3.255525 2.972759 8.515482
7.908175 8.438720 5.631731
1.347095 13.683628 4.268337
12.245470 7.641557 4.867735
1.306589 13.192538 -0.166615
3.547018 13.314417 -0.147281
7.299830 -1.306138 8.142441
3.043037 11.626781 -1.597895
7.561150 11.996346 17.065701
12.704863 5.259463 8.086581
7.810543 3.976279 10.066446
2.953713 6.049560 3.913612
5.162212 9.624949 3.420986
8.032348 20.541849 2.138095
8.068761 7.915442 8.984492
-0.577938 8.845831 12.013543
13.558848 11.191882 16.584349
-2.920401 8.038355 7.571946
-1.709086 13.994686 18.117903
-3.459000 0.254123 5.692980
-3.063087 2.649598 5.063278
-0.020335 9.524154 8.523783
2.158153 10.504498 3.354050
14.047185 2.155396 11.806404
-0.727057 1.207941 2.408160
13.391215 2.935656 4.989666
11.681266 -0.686313 0.575622
3.985720 5.838123 18.171775
7.578881 10.768756 -0.155604
3.279147 9.443806 0.379435
4.807381 2.442807 6.884235
2.334097 -2.741319 4.498365
14.838040 8.602971 3.810773
5.326880 14.221968 6.731835
-2.511636 6.172287 5.431232
-0.867685 9.633998 6.802978
3.342565 19.960331 13.095466
10.367873 3.699926 0.918006
8.139047 9.894173 3.057805
7.826969 4.921553 15.048946
1.799615 -6.132859 5.402868
4.883722 2.048788 5.426417
7.658830 3.973393 6.342215
2.674224 15.508033 12.628128
2.977418 -0.010549 8.864626
20.981339 8.640901 -0.196421
8.157684 11.607208 9.022003
1.736030 5.910217 6.755986
10.127671 3.228092 7.825516
3.638058 7.472197 3.880854
11.900242 3.320744 -0.374927
10.847980 3.847962 7.199719
12.181906 5.407710 -0.351793
9.890362 7.313726 4.907772
7.243020 13.895574 8.909193
8.021734 0.702099 5.010748
7.721253 10.584579 -5.387114
13.752452 8.349033 11.433700
1.162322 3.010151 -4.755406
9.903964 13.302430 0.039621
5.143234 10.989043 8.650488
4.478355 5.890806 9.796013
3.143051 9.716307 16.802811
1.189940 -0.221400 6.052258
-1.851040 11.068188 7.393766
-2.789218 11.869899 3.057021
6.249998 6.974997 2.582944
3.137099 5.142612 12.023280
6.475686 6.674454 5.248733
8.277039 4.690728 11.034831
1.965463 5.348087 -3.137926
12.280185 5.773217 7.189920
2.979164 10.783433 7.623104
7.307927 12.734528 9.206309
2.659973 2.334462 13.818118
7.502376 2.955797 9.037859
-1.900284 3.441973 4.034626
10.403440 7.012019 -2.727356
12.848354 6.166654 11.285998
-1.836125 6.405784 9.476360
6.053852 7.162592 -0.119063
12.955319 11.622195 4.468907
15.108885 5.709899 -0.070116
8.246745 -2.433950 8.742373
13.478704 0.488468 16.438438
10.911820 8.226219 2.887904
6.121128 10.616097 5.127963
2.059253 3.015227 6.474028
10.957441 4.811311 14.198871
13.035782 3.928705 12.111651
-1.693775 7.373327 5.729646
2.342202 9.657702 2.394140
3.820002 2.843414 6.499053
8.575810 3.849342 1.079909
13.827314 8.688080 16.008580
12.325346 3.882452 8.466289
-2.070483 -0.814416 12.830794
4.170827 -3.057398 12.976265
3.076445 8.335962 1.613713
7.883955 6.357817 8.335766
-1.083646 11.640333 1.550809
-3.219415 -2.807850 3.722975
5.314145 0.854575 5.652466
5.069810 4.916026 12.636073
5.533856 6.169146 5.448118
8.988629 15.048039 7.886860
4.539377 8.254828 -6.900741
0.555240 -0.564907 12.272667
1.323209 6.214558 9.908292
7.401907 8.878058 11.249810
11.001054 7.152425 4.399545
-1.135269 3.814271 5.697341
7.352303 9.279874 7.610940
12.287914 1.316397 5.749811
6.381621 1.614760 9.205326
6.133700 3.720823 27.886132
6.334148 5.033044 10.976425
4.319750 5.705489 7.932330
-0.273837 9.894544 4.964690
2.421225 3.874827 10.311550
6.366795 5.407319 6.731657
12.278163 -0.850789 7.849617
7.968424 4.486501 7.324788
-0.293178 2.465301 0.126639
2.847047 6.338046 8.497279
10.724854 4.754131 5.600867
16.697468 -2.719731 5.801015
6.126304 11.062511 -0.395923
17.634556 -1.202058 2.678988
7.234615 9.931582 0.795503
13.381444 -2.011231 10.060120
1.191402 8.743110 7.435651
4.972530 6.778042 12.932829
2.883245 2.164052 6.439295
4.901073 11.626770 11.302371
15.286027 7.029584 -0.171222
3.542257 3.579648 3.183687
5.918101 2.705141 5.512532
10.650617 0.917494 0.663773
2.483620 5.556202 11.222477
5.784060 16.123094 6.823010
11.694038 0.362468 10.186421
6.588308 -2.353290 7.182410
7.180982 0.845546 7.728916
16.091569 4.045677 -0.433950
0.159347 5.999869 8.633785
5.336499 10.071740 4.498411
3.074783 14.265385 11.050148
15.241076 3.414932 8.101611
-6.439275 14.279320 6.739322
2.308713 17.032267 13.429622
20.243484 17.456697 11.481312
9.625415 7.946488 1.577671
2.064315 7.584396 4.025004
0.064201 7.254647 -1.212765
12.111274 6.922596 2.327634
-2.087446 13.563730 7.635794
16.521086 18.149816 3.462127
-4.997496 1.614936 7.416268
11.794767 -3.540700 1.646082
10.641658 7.275576 2.114873
0.394260 9.577213 10.266917
11.773839 4.201683 11.526386
3.822434 3.015792 -0.322024
11.297741 9.214522 -1.425527
6.253407 9.378482 3.113417
-0.167560 9.854452 -0.596687
16.803542 0.360280 -3.321721
4.871245 8.711706 11.017161
11.800878 3.674562 2.274697
2.749124 9.956452 10.440510
4.841645 1.180921 4.528452
17.987568 3.968839 14.328995
9.047618 8.823165 7.973795
0.871230 6.171320 11.893873
0.696278 7.813224 8.898256
6.336204 21.539574 12.355223
15.245921 8.643702 8.985350
9.084151 7.045601 -1.032536
-6.301760 12.172712 14.033543
7.275354 10.648138 2.892279
2.875973 9.505051 18.377259
6.183109 -0.065548 6.170655
0.324276 11.182101 15.395569
4.133334 14.218431 10.497638
7.987363 5.849070 15.759279
8.424301 6.559103 5.398386
0.159121 1.119854 12.828293
9.110692 -3.819067 -0.206602
-2.667882 -1.101296 4.194093
1.237479 0.159419 9.558499
8.081317 8.273966 7.891866
8.086350 11.663570 10.729450
18.458966 4.352075 10.817361
2.207326 16.960746 7.157207
10.079954 10.405151 0.804386
2.377086 11.234488 2.477928
5.820418 2.940679 9.329817
9.233215 5.743223 2.530599
9.793412 6.897230 3.657872
-1.775224 8.974834 6.332387
8.417362 4.582704 18.617271
8.916482 10.112611 11.585231
3.174905 7.993158 2.864098
5.611572 12.536503 -1.428101
4.690670 5.540874 2.470693
6.279913 3.646822 12.887583
-0.517785 5.639562 5.768659
0.240213 5.223598 4.095654
7.318856 3.398905 11.038432
15.396253 4.180759 8.883124
12.590674 5.719815 13.696348
12.830267 2.238535 -5.801118
13.786649 7.886217 -0.382288
3.260528 -1.217835 5.069846
1.590784 1.948787 0.740605
2.459874 -8.399992 3.273189
8.878401 4.301797 12.768665
15.968595 5.448388 -2.780668
6.971990 15.210737 9.926772
1.055198 11.088992 6.857190
4.887778 2.234316 -0.386776
14.289934 -2.384532 -1.883007
9.392448 2.961017 6.114868
-0.463949 1.148314 11.448988
4.489126 5.222336 6.847441
1.560927 9.537632 10.461969
-4.642291 16.412337 4.182270
2.540469 1.394971 7.518878
0.842110 6.172351 4.411083
10.529019 11.393976 9.880944
7.016946 4.013621 7.770761
11.100674 15.251655 18.217967
6.413194 10.302909 8.732060
2.772378 11.113949 -2.600334
5.722885 10.790360 11.460574
7.612016 5.202619 3.722627
7.335205 0.173790 -1.980360
4.546708 8.890423 -3.416695
8.600850 5.243590 12.018856
2.743524 3.518728 4.229974
-3.646324 2.980763 -1.585910
-0.796373 14.380959 10.457745
12.295613 9.517175 3.143197
3.025520 1.811256 8.420044
5.978528 10.444795 0.615383
1.489815 1.439974 7.187781
11.964466 7.898603 2.932443
12.243510 1.482468 13.639546
-1.658511 6.245240 6.144395
5.404742 -3.624625 5.994740
2.092311 -0.992351 12.070973
2.812383 -0.977635 6.082600
4.457523 6.625693 2.681554
11.513090 10.041581 9.917737
2.453399 -2.983966 9.243238
1.877812 5.673516 3.215251
10.296981 5.937950 1.578795
10.204102 4.273221 8.488667
7.560630 6.954151 11.794136
7.069196 11.752992 12.924621
4.441074 7.123679 -2.305709
5.203650 3.588235 12.670606
10.364296 0.963617 10.170062
11.974964 -3.305985 0.380496
1.535459 -0.344627 7.614017
6.684099 -3.257667 4.079062
6.932849 2.388397 17.886543
2.446083 7.595710 6.082083
3.963733 2.481863 10.218924
3.398676 -1.241575 9.406245
10.042770 8.479722 4.755954
5.688821 1.205327 8.102653
2.143734 12.362892 -3.630307
7.810366 9.565627 4.071988
14.196067 8.802299 5.476145
5.162937 5.051264 1.412164
11.634776 4.436500 16.925648
3.211571 8.899189 10.015657
10.318954 -2.370476 1.945455
3.514110 10.341295 11.471883
14.516786 9.417948 4.549955
5.898204 11.074384 1.631828
17.027280 1.528537 7.995027
9.519060 1.406080 8.953098
6.833458 9.652614 12.660591
-0.613406 0.696307 1.416456
5.176089 6.475187 -2.484428
13.844983 1.426112 8.101742
7.576858 12.301460 2.222258
8.975126 12.172874 5.394078
15.269468 4.442422 15.065882
17.033430 8.895169 13.948348
4.795473 10.919202 5.828584
4.628341 3.703774 7.983640
14.195028 4.548802 1.479507
13.130936 6.360868 10.126925
10.317790 9.552221 -0.766527
4.522987 -0.349094 5.890297
7.250423 0.304378 2.714525
12.670832 0.015737 5.042066
8.407454 8.108617 3.841023
10.973257 13.246190 17.293179
1.975998 15.686941 3.329345
5.389676 4.156385 3.202843
4.970830 1.601252 9.623528
9.877778 2.657771 12.481814
4.930217 7.818213 4.067905
0.317900 3.222661 0.889754
2.661652 8.347168 -1.743584
8.378220 7.759772 6.476298
-1.480802 19.481310 -0.209245
-1.746492 8.236485 10.851425
14.336525 10.773508 1.634064
11.440066 1.441008 -0.128745
2.300430 7.051685 7.086625
7.360725 8.761116 0.777620
4.251090 7.592479 12.465973
3.858476 14.714697 13.331106
6.648123 10.852883 4.001753
13.705449 3.222750 15.915768
8.514102 11.010359 7.118740
4.030519 7.313933 5.577817
11.276905 11.221406 12.541196
13.885757 12.910071 4.951182
-0.383584 -2.892450 9.437498
9.465120 2.467218 9.548495
9.530488 1.541152 4.773490
3.917920 1.904698 2.544307
14.217248 6.642526 -0.092324
10.586834 -6.439200 0.670474
6.195006 7.670642 7.198254
0.001525 2.075152 -1.003005
4.798893 6.782139 17.901464
7.140417 11.461781 -1.672541
9.064227 7.378708 2.864357
6.725471 8.034513 5.528036
13.204481 3.438768 9.677030
14.767817 6.175551 8.050490
3.469759 6.259435 9.558367
4.669661 15.738284 9.165184
9.371516 4.893239 1.761657
9.258877 6.985990 5.970328
13.586376 9.884515 7.431426
6.364485 9.175981 4.912607
1.663167 -1.933661 -0.832436
8.375672 8.980631 4.712346
9.697659 6.129340 12.082041
14.342082 7.653311 10.749866
9.074384 12.019916 7.964112
-0.143959 3.964557 16.170319
3.313759 5.195219 21.459434
-2.467613 -1.315556 1.314605
0.197913 7.471729 -2.580472
2.730853 10.639534 13.185054
13.182607 2.274839 3.175518
5.281005 11.611865 0.441714
2.058253 8.721537 1.072653
1.490644 11.818003 1.100593
5.353122 2.952688 13.717189
8.932967 10.747873 -2.223319
-2.907833 16.350145 2.567142
7.055293 2.075292 6.190673
5.419421 12.265271 3.672301
12.598830 8.682966 2.324810
0.361695 8.156391 1.486052
10.903608 2.335789 8.056867
7.234993 5.197773 13.510831
9.536542 6.295456 0.302712
5.693014 8.122812 8.617502
13.971983 9.866298 12.513493
16.486816 4.443361 10.272040
8.033814 5.312696 10.067286
7.260536 6.014352 6.749026
4.129855 6.451424 3.814809
8.271888 11.212234 11.995565
5.113831 -0.459655 4.842778
-3.705510 9.507833 0.904272
9.916301 12.126148 0.373784
13.046562 1.288466 9.808315
3.840475 10.597325 3.698496
11.719853 13.558221 12.127962
0.268871 6.739313 2.089939
15.185652 2.015113 -2.098475
3.586164 -4.386811 6.421490
8.281378 1.212814 9.020275
10.061382 3.861425 4.639173
8.691131 6.715812 9.223249
16.404552 5.892587 12.867877
6.822199 6.126060 12.540313
6.546046 9.908533 10.445884
10.264006 4.925306 -0.000783
5.345938 10.433072 2.495025
9.938578 3.811761 12.748067
9.582066 1.246410 16.628208
10.403673 1.990344 1.165924
15.494247 0.281271 7.667868
3.396134 -1.484024 0.782678
5.127312 -1.174485 7.919602
1.233422 10.558928 8.182773
8.508094 2.686145 3.162039
10.109419 9.965299 7.265005
13.123085 0.182907 9.610833
4.256823 5.083919 11.801988
1.881947 3.258864 5.237987
16.971587 -1.514330 11.978854
4.707537 4.222629 5.984703
7.139878 12.362489 5.184633
-3.433860 6.175649 21.560855
11.934494 1.784163 7.779072
10.029514 2.025498 6.494808
4.239087 9.885348 -2.469648
10.594535 7.886805 6.576786
4.824939 8.513418 7.954980
14.769229 2.562525 2.021146
-0.425909 10.937984 8.461763
9.521470 15.261773 15.981568
4.667744 8.199822 13.323937
-3.749332 4.057196 10.664330
11.047172 15.238365 11.404517
10.837599 6.655746 6.992419
5.368314 4.186569 7.118967
3.654684 5.882488 6.376499
12.265819 14.706866 3.735075
8.089175 15.005597 6.332393
11.021535 2.418058 12.604436
14.240949 0.968229 6.071362
9.410776 -1.879462 0.148503
5.511895 1.040256 2.650793
-0.879202 -1.503546 6.206205
9.708146 5.270064 6.133660
4.969623 -0.193602 8.895766
-2.851066 1.491133 7.521935
4.460367 10.550394 7.592148
15.671236 4.095219 5.947526
14.518044 3.105843 13.405145
9.507694 4.820358 3.410305
6.172579 4.817559 2.822964
13.355619 7.595217 3.931858
9.983940 8.403961 -0.852452
8.531826 13.747682 6.176940
5.042809 5.380914 8.776848
3.799301 9.701578 6.815025
4.639353 1.094679 8.779584
6.222812 4.895221 7.621385
14.020664 13.845762 11.496568
6.296469 8.328301 1.178618
2.475407 12.071318 13.658835
7.457561 4.933092 5.210424
9.380814 -3.662309 5.406972
11.923903 0.035744 -3.886159
1.249277 4.160977 -0.703063
9.916787 4.993459 -2.765742
5.005560 14.849157 13.891308
12.716680 4.355995 17.806766
11.578724 -2.540807 4.423978
4.300116 2.802922 11.311020
7.264738 6.008620 5.667645
0.840785 7.749211 2.381319
0.861022 9.138191 1.170768
1.907606 7.801812 2.101980
7.685849 7.194936 9.999849
1.597664 4.999466 7.409349
8.994936 4.307789 8.790463
1.765166 6.508960 11.042750
7.654997 14.453302 14.267226
5.391619 6.877158 8.676420
6.693212 11.562554 2.358733
4.202005 13.103757 4.120480
-0.116350 10.370994 -1.773241
0.509010 14.286719 2.562505
-1.200136 6.392587 10.907921
4.769202 10.984281 4.177377
18.521601 17.321653 4.595970
14.260370 4.664451 0.482280
6.878839 10.173268 6.125720
14.340086 1.649172 10.105831
4.768257 13.286606 10.985835
10.079345 6.436889 2.660005
6.794935 9.737432 2.212205
7.814439 8.411228 3.033028
3.503667 12.594369 10.972068
6.153159 2.375657 8.335809
0.773884 14.923211 4.309141
3.670140 2.710946 0.973192
1.811319 11.972315 6.717404
2.552560 10.781921 5.997125
3.648380 8.478266 11.920278
2.349565 5.144891 5.214889
2.151167 10.464414 6.996786
6.754592 3.107749 12.084300
5.139244 9.560629 0.635989
8.971648 11.971724 9.521506
6.342327 0.677643 2.025488
2.689195 8.870731 -0.446340
9.377194 -2.646732 4.889380
8.414884 4.188420 15.394983
4.126779 12.886976 11.895368
11.034603 3.842163 9.178868
-6.533789 -9.450506 4.191719
8.269503 1.677475 4.463234
10.664433 5.062127 3.642428
1.172539 -4.016858 8.633424
14.503531 1.093940 9.068107
15.747023 0.503957 10.398717
8.127677 6.174304 12.470008
16.150581 1.321391 1.707762
14.231819 22.522977 2.498730
2.263709 -0.200182 2.472572
-1.445837 8.746818 5.250182
3.870291 12.322882 1.563885
1.724450 11.349728 10.271291
11.599427 11.159988 9.840808
6.510988 6.295577 1.687783
13.788886 9.613967 -6.792475
7.910140 -0.147342 10.085259
12.385700 11.017772 12.741673
9.270898 -0.099788 -1.591965
9.434980 -0.795049 14.606267
6.953033 2.991909 6.828112
10.373952 3.021868 10.509252
2.079662 9.230630 6.869819
4.361164 -4.326179 4.835863
2.955185 2.203986 9.889353
12.609954 4.937829 14.574948
8.467977 10.147597 1.492999
-0.794020 8.757525 8.719628
9.195636 6.983375 7.421170
11.427992 9.495597 16.776137
12.410624 15.276220 5.407467
13.660165 7.380059 13.706720
9.440225 3.766603 3.473078
9.400643 1.943927 10.631433
11.415996 -4.222288 9.649652
-0.683243 6.629894 4.067325
9.810694 -1.825934 -3.909082
4.833817 9.338273 6.976756
2.994234 9.919830 14.515232
9.265167 7.832588 -2.260559
8.313142 7.167686 10.883730
5.753265 8.812661 9.374186
-4.012638 13.259694 3.481498
7.238279 15.693952 7.972387
5.397074 2.031270 15.012838
15.252231 2.928190 9.511068
8.837456 16.995691 7.602524
3.836249 1.630894 6.028765
4.647730 2.628958 2.587668
11.441518 5.912240 4.425404
13.129197 1.189655 6.818493
7.800665 2.966807 1.079576
11.243895 5.357080 11.477442
2.308050 3.029713 11.122872
12.823476 -4.215576 -2.075826
5.527607 0.416781 3.700522
-4.972404 -0.966424 5.996744
4.671821 5.844951 13.687537
5.911683 -0.122018 1.422428
7.694546 2.462867 12.536249
9.544846 5.015904 4.902648
10.072249 11.217163 -2.010253
-0.047973 11.624692 7.047656
19.671519 6.643584 8.703268
-3.281404 -1.734071 5.744057
8.076910 2.535758 4.967409
14.721041 0.432173 1.122228
3.029016 11.316205 3.999881
12.284409 3.576612 10.494206
18.668011 4.068984 -3.212218
0.630871 7.718806 7.546194
10.781517 9.155583 2.194259
-0.056859 -0.372867 0.939176
-4.522441 15.475504 8.735316
11.726345 -4.075703 7.732298
10.575915 2.807217 9.167453
11.605285 7.220915 1.382619
5.169909 2.061815 3.696593
-0.559654 7.342688 12.764659
11.233741 13.401516 6.394834
11.950985 16.626280 7.320185
10.039675 10.203074 9.855180
2.482095 7.302738 11.602493
8.866185 0.721621 7.439554
12.748294 3.371465 4.155415
6.838527 12.383319 11.935971
3.144344 7.830309 7.494304
8.328296 -1.129450 14.227649
3.078769 4.503052 4.500116
6.012552 9.160738 11.309057
4.110462 9.444655 2.070595
8.649748 6.246350 -2.834309
2.003334 8.419236 -2.837700
7.824474 10.617200 4.555960
5.620568 14.069370 11.629366
9.498181 16.221285 14.406269
-3.369584 8.402500 3.011071
-0.398461 6.072021 3.205856
0.130749 3.078080 11.326385
12.658307 12.643780 -2.299638
6.783162 17.570239 12.495381
8.479295 15.337625 11.781270
7.290402 4.193850 8.842040
4.742435 10.958939 9.874181
5.172824 3.513121 -1.382489
4.298482 -1.336877 5.047052
7.254754 -3.884689 6.356812
10.415889 9.349392 -2.524983
12.273554 13.388730 -5.372391
14.621485 0.261576 10.691321
13.831556 6.721682 8.265670
10.160946 5.324198 9.078477
3.019081 0.117161 14.492539
4.422144 7.489215 14.226171
3.724546 3.557238 5.583649
10.291140 8.694503 9.242499
-3.553565 8.513382 6.349915
6.053480 14.974506 12.199242
-2.528928 4.444045 2.066961
6.279135 5.499940 3.644944
1.303847 -0.291390 1.842629
8.690586 5.289754 4.131891
11.817116 -0.711666 2.866246
4.677658 22.598688 5.228740
1.350691 1.437564 1.773403
-1.165397 2.612425 4.318529
1.473399 3.947831 3.499420
12.929016 8.180942 5.767272
0.957728 6.330196 19.069866
14.822335 11.066327 5.165043
6.989536 0.358692 4.894288
8.274549 3.046167 5.992027
8.254992 14.046889 12.268345
3.489632 1.656430 4.295252
0.600713 -7.832785 2.191576
10.952957 4.958711 10.387190
13.726024 4.915496 8.936840
14.243296 16.808269 4.643885
5.733823 9.835888 9.559789
0.795077 7.530171 6.473015
3.971745 12.660302 2.960054
9.400995 10.481414 8.280836
10.848026 6.424034 8.175082
6.028954 0.177642 7.379023
12.388249 6.741840 9.226973
4.194299 1.161025 16.323524
-6.099019 1.271082 -2.061401
6.295529 -1.569777 8.677885
1.225433 6.080211 14.677007
-1.999398 8.488467 4.151276
15.986069 9.130560 7.505374
9.374577 12.168519 10.694044
-4.505950 8.976615 10.649080
8.223176 5.597126 13.879465
1.176252 2.755950 -3.122364
18.047278 12.433319 12.790187
4.229658 3.891210 4.077019
6.058144 -0.013828 9.748200
1.604631 12.051155 8.518781
14.005139 10.051116 3.628490
9.728343 6.018821 10.562759
10.692585 9.865139 -4.062215
7.463489 12.596771 7.449486
3.315719 6.478875 2.164187
18.201754 9.375370 14.812193
-1.229852 5.035189 5.192137
16.741898 6.970354 6.726203
13.029778 4.139671 13.244093
8.735978 10.809213 3.803575
1.858390 8.179250 0.144799
3.290654 12.883839 4.795476
8.979215 3.807364 -7.920647
11.249767 0.223976 1.301779
4.015946 4.023907 13.663528
8.292225 8.353353 1.292057
6.964195 6.490782 3.387162
7.214360 -3.300378 8.762627
3.979909 7.810143 9.767583
5.055442 7.713604 6.977094
13.175468 6.846696 5.274742
8.695649 10.480538 6.158581
0.579181 3.961343 8.396312
5.425830 9.773844 -1.026453
11.260464 15.636900 6.364786
6.584547 -1.337759 9.581388
12.214864 4.581530 6.638605
6.109228 5.594655 8.472549
11.638922 10.375262 11.123763
5.815482 1.037019 10.161555
4.085252 11.914117 -2.580485
14.396853 -3.018769 9.036597
12.000880 6.686678 7.971209
8.914326 13.803416 0.382216
12.019517 8.145042 1.336407
9.983827 4.952344 11.593822
6.986279 7.296718 6.570061
8.040133 9.619478 -1.001496
17.662197 4.246323 8.951428
-0.950006 7.883042 6.474741
4.956954 6.705612 7.461037
6.131410 -0.363555 -4.525865
0.096882 -0.200606 6.622521
3.301329 -4.192206 17.560087
10.244229 5.892007 4.188965
2.685945 5.171912 6.513723
3.371087 1.421183 12.271570
-0.236711 4.945125 10.397599
2.206754 1.560808 5.577212
2.555304 16.386894 1.364225
-1.235146 2.395352 10.475045
2.297736 14.353424 3.832823
13.712698 5.826097 0.522239
0.946570 5.007617 3.320513
2.658247 1.164447 -3.681557
11.721554 7.345378 10.227122
4.383190 4.758415 4.911407
1.352748 5.176587 11.728400
11.516007 14.550398 6.717661
11.276691 10.764083 -4.523517
7.839148 7.422661 4.763634
5.802197 13.226641 0.190524
7.284816 4.276986 3.106789
5.177352 7.461960 2.936016
5.699864 10.008584 7.797421
5.967806 1.501196 0.391867
12.313996 8.315573 3.997015
8.740170 3.517028 9.663088
0.560170 11.275128 8.920938
5.484096 6.372060 11.661281
10.088503 13.356937 11.845471
0.334322 -0.472231 8.572585
6.774541 5.438601 10.039960
7.865144 7.194364 7.421390
12.462643 2.944116 6.476420
10.576040 9.069048 7.940005
9.262612 9.653656 2.621250
5.832071 7.156865 9.782274
7.071976 8.531024 9.059909
9.340537 9.481026 8.772541
14.374231 4.457986 -2.359008
15.343234 12.959418 4.047365
2.299589 13.985998 2.480476
5.802580 10.330904 6.305687
19.657973 7.147942 4.311917
-1.104038 5.515015 9.824057
6.712055 8.198667 3.101802
8.378800 12.709969 13.263908
4.245102 11.122598 0.077584
4.297124 6.212777 -1.192909
12.687680 7.949647 9.211019
3.397717 -1.200853 7.018588
10.255044 -3.116948 6.015891
-0.566110 10.723720 3.118109
7.686689 9.213860 2.151312
11.966712 3.282460 1.237390
8.339402 12.917916 -4.650044
9.841156 4.689927 7.212477
10.291560 -1.024067 8.365956
8.259903 6.761296 3.473898
10.735346 -3.053986 3.084483
6.420519 1.223152 5.419890
8.689799 14.256021 1.884135
3.642558 5.060378 0.924136
-0.360742 6.739966 6.489327
-0.061410 4.973536 11.626366
14.154235 15.621819 7.107200
10.252376 -0.334181 6.502637
