"Des_R0","Des_R1","Des_R2","Des_R3","Des_R4","Des_R5","Des_R6","Des_R7","Des_R8","Des_R9"
 0.14208246093,0.,0.,0.,0.,0.,0.,0.,0.,0.
 0.21628902062, 0.14208246093,0.,0.,0.,0.,0.,0.,0.,0.
 0.21628902062, 0.05320587026,0.,0.,0.,0.,0.,0.,0.,0.
 0.05320587026,0.,0.,0.,0.,0.,0.,0.,0.,0.
0.082889162553,0.,0.,0.,0.,0.,0.,0.,0.,0.
0.082889162553,0.058408832145,0.,0.,0.,0.,0.,0.,0.,0.
0.058408832145,0.,0.,0.,0.,0.,0.,0.,0.,0.
0.024621577851,0.0090537213988,0.,0.,0.,0.,0.,0.,0.,0.
0.024621577851,0.,0.,0.,0.,0.,0.,0.,0.,0.
             1,0.,0.,0.,0.,0.,0.,0.,0.,0.
0.0090537213988,0.002682493203,0.,0.,0.,0.,0.,0.,0.,0.
0.002682493203,0.,0.,0.,0.,0.,0.,0.,0.,0.
0.0043101953568,0.,0.,0.,0.,0.,0.,0.,0.,0.
0.0043101953568,0.,0.,0.,0.,0.,0.,0.,0.,0.
0.00088705044462,0.,0.,0.,0.,0.,0.,0.,0.,0.
0.048273222119,0.00088705044462,2.524596995e-05,0.,0.,0.,0.,0.,0.,0.
  0.1018960831,0.0034345332577,3.9674097973e-05,2.524596995e-05,0.,0.,0.,0.,0.,0.
  0.1018960831,0.053751147998,0.013478672153,0.,0.,0.,0.,0.,0.,0.
0.048273222119,0.013478672153,0.0034345332577,0.,0.,0.,0.,0.,0.,0.
             1,0.,0.,0.,0.,0.,0.,0.,0.,0.
             1,0.,0.,0.,0.,0.,0.,0.,0.,0.
0.050227897483,0.0012816058419,0.,0.,0.,0.,0.,0.,0.,0.
0.050227897483,0.003690400426,0.,0.,0.,0.,0.,0.,0.,0.
             1,0.,0.,0.,0.,0.,0.,0.,0.,0.
0.003690400426,0.,0.,0.,0.,0.,0.,0.,0.,0.
             1,0.,0.,0.,0.,0.,0.,0.,0.,0.
             1,0.,0.,0.,0.,0.,0.,0.,0.,0.
0.068291800369,0.,0.,0.,0.,0.,0.,0.,0.,0.
0.068291800369,0.00062445966435,0.,0.,0.,0.,0.,0.,0.,0.
0.00062445966435,1.4376228233e-05,0.,0.,0.,0.,0.,0.,0.,0.
  0.2389434202,1.4376228233e-05,0.,0.,0.,0.,0.,0.,0.,0.
  0.2389434202,0.,0.,0.,0.,0.,0.,0.,0.,0.
0.051973534977,0.,0.,0.,0.,0.,0.,0.,0.,0.
             1,0.,0.,0.,0.,0.,0.,0.,0.,0.
 0.10264170515,0.,0.,0.,0.,0.,0.,0.,0.,0.
             1,0.,0.,0.,0.,0.,0.,0.,0.,0.
0.074665905799,0.,0.,0.,0.,0.,0.,0.,0.,0.
             1,0.,0.,0.,0.,0.,0.,0.,0.,0.
0.043262206804,0.025075925706,0.,0.,0.,0.,0.,0.,0.,0.
0.074665905799,0.043262206804,0.,0.,0.,0.,0.,0.,0.,0.
             1,0.,0.,0.,0.,0.,0.,0.,0.,0.
 0.10264170515,0.,0.,0.,0.,0.,0.,0.,0.,0.
0.024815542505,0.016407682893,0.,0.,0.,0.,0.,0.,0.,0.
0.051973534977,0.024815542505,0.,0.,0.,0.,0.,0.,0.,0.
 0.11266890156,0.058951639071,0.,0.,0.,0.,0.,0.,0.,0.
 0.11557319598, 0.11266890156,0.,0.,0.,0.,0.,0.,0.,0.
 0.11557319598,0.067972220482,0.,0.,0.,0.,0.,0.,0.,0.
0.067972220482,0.,0.,0.,0.,0.,0.,0.,0.,0.
 0.14377321236,0.,0.,0.,0.,0.,0.,0.,0.,0.
 0.14377321236,0.,0.,0.,0.,0.,0.,0.,0.,0.
0.00030230332173,0.,0.,0.,0.,0.,0.,0.,0.,0.
0.00030230332173,0.,0.,0.,0.,0.,0.,0.,0.,0.
0.029126019736,0.019745081318,0.,0.,0.,0.,0.,0.,0.,0.
 0.13188552809, 0.10761034639,0.019745081318,0.,0.,0.,0.,0.,0.,0.
 0.10761034639,0.043135904406,0.,0.,0.,0.,0.,0.,0.,0.
0.043135904406,0.,0.,0.,0.,0.,0.,0.,0.,0.
 0.13188552809,0.029126019736,0.,0.,0.,0.,0.,0.,0.,0.
0.013726152133,0.0044151296707,0.,0.,0.,0.,0.,0.,0.,0.
0.0044151296707,0.,0.,0.,0.,0.,0.,0.,0.,0.
0.050800787019,0.013726152133,0.00023275035511,0.,0.,0.,0.,0.,0.,0.
0.050800787019,0.0085564434427,0.,0.,0.,0.,0.,0.,0.,0.
0.0085564434427,0.,0.,0.,0.,0.,0.,0.,0.,0.
             1,0.,0.,0.,0.,0.,0.,0.,0.,0.
             1,0.,0.,0.,0.,0.,0.,0.,0.,0.
0.064923500846,0.0001173322195,0.,0.,0.,0.,0.,0.,0.,0.
0.064923500846,0.00038330150669,0.00030771224005,0.,0.,0.,0.,0.,0.,0.
0.007885141314,0.,0.,0.,0.,0.,0.,0.,0.,0.
0.087825239135,0.00038330150669,0.,0.,0.,0.,0.,0.,0.,0.
0.087825239135,0.018205127032,0.00030771224005,0.,0.,0.,0.,0.,0.,0.
0.018205127032,0.007885141314,0.0001173322195,0.,0.,0.,0.,0.,0.,0.
 0.13737946388,0.,0.,0.,0.,0.,0.,0.,0.,0.
 0.17646204806, 0.13737946388,0.0050101331656,0.,0.,0.,0.,0.,0.,0.
 0.17646204806,0.,0.,0.,0.,0.,0.,0.,0.,0.
0.00060106009256,0.,0.,0.,0.,0.,0.,0.,0.,0.
 0.23816824333,0.00060106009256,0.,0.,0.,0.,0.,0.,0.,0.
 0.23816824333,0.,0.,0.,0.,0.,0.,0.,0.,0.
0.0049329159673,0.,0.,0.,0.,0.,0.,0.,0.,0.
0.020961991957,0.0049329159673,0.,0.,0.,0.,0.,0.,0.,0.
0.020961991957,0.0089573042114,0.00023275035511,0.,0.,0.,0.,0.,0.,0.
 0.14077959675,0.008641907866,0.,0.,0.,0.,0.,0.,0.,0.
             1,0.,0.,0.,0.,0.,0.,0.,0.,0.
0.008641907866,0.0011575656019,0.,0.,0.,0.,0.,0.,0.,0.
 0.14077959675,0.0089573042114,0.0011575656019,0.,0.,0.,0.,0.,0.,0.
             1,0.,0.,0.,0.,0.,0.,0.,0.,0.
             1,0.,0.,0.,0.,0.,0.,0.,0.,0.
             1,0.,0.,0.,0.,0.,0.,0.,0.,0.
0.0080909574942,0.,0.,0.,0.,0.,0.,0.,0.,0.
0.0080909574942,0.,0.,0.,0.,0.,0.,0.,0.,0.
 0.14496449294,0.,0.,0.,0.,0.,0.,0.,0.,0.
 0.14496449294, 0.10265962331,0.0059210504065,0.,0.,0.,0.,0.,0.,0.
 0.10265962331,0.018809633205,0.,0.,0.,0.,0.,0.,0.,0.
0.018809633205,0.,0.,0.,0.,0.,0.,0.,0.,0.
 0.04311020239,0.,0.,0.,0.,0.,0.,0.,0.,0.
 0.04311020239,0.0018075448364,0.,0.,0.,0.,0.,0.,0.,0.
0.036290104562,0.,0.,0.,0.,0.,0.,0.,0.,0.
0.036290104562,0.010637702874,0.00056098351132,0.,0.,0.,0.,0.,0.,0.
0.003131621006,0.00056098351132,0.00050403718411,0.,0.,0.,0.,0.,0.,0.
0.032035527493,0.,0.,0.,0.,0.,0.,0.,0.,0.
0.041388205752,0.,0.,0.,0.,0.,0.,0.,0.,0.
0.041388205752,0.026755634972,0.015403153953,0.0073438785443,4.6696817405e-05,0.,0.,0.,0.,0.
 0.23216788624,0.015403153953,0.0085069130876,0.,0.,0.,0.,0.,0.,0.
 0.23216788624,0.0046609426553,0.,0.,0.,0.,0.,0.,0.,0.
0.090329912996,0.0046609426553,0.,0.,0.,0.,0.,0.,0.,0.
 0.19510429742,0.090329912996,0.,0.,0.,0.,0.,0.,0.,0.
 0.19510429742,  0.1360041711,0.,0.,0.,0.,0.,0.,0.,0.
  0.1360041711,0.090859757966,0.,0.,0.,0.,0.,0.,0.,0.
0.090859757966,0.,0.,0.,0.,0.,0.,0.,0.,0.
0.039720105309,0.,0.,0.,0.,0.,0.,0.,0.,0.
0.039720105309,0.,0.,0.,0.,0.,0.,0.,0.,0.
0.054685619142,0.0053114779696,0.,0.,0.,0.,0.,0.,0.,0.
0.054685619142,0.044388637798,0.009088718735,0.,0.,0.,0.,0.,0.,0.
0.009088718735,0.,0.,0.,0.,0.,0.,0.,0.,0.
0.0053114779696,0.,0.,0.,0.,0.,0.,0.,0.,0.
0.044388637798,0.0059210504065,0.,0.,0.,0.,0.,0.,0.,0.
             1,0.,0.,0.,0.,0.,0.,0.,0.,0.
             1,0.,0.,0.,0.,0.,0.,0.,0.,0.
             1,0.,0.,0.,0.,0.,0.,0.,0.,0.
0.053973732947,0.,0.,0.,0.,0.,0.,0.,0.,0.
0.019453714494,0.,0.,0.,0.,0.,0.,0.,0.,0.
0.019453714494,0.0081566575017,0.00095522682716,0.,0.,0.,0.,0.,0.,0.
0.053973732947,0.0081566575017,3.2855699906e-05,0.,0.,0.,0.,0.,0.,0.
3.2855699906e-05,0.,0.,0.,0.,0.,0.,0.,0.,0.
0.020807025111,0.00095522682716,0.,0.,0.,0.,0.,0.,0.,0.
0.020807025111,0.,0.,0.,0.,0.,0.,0.,0.,0.
             1,0.,0.,0.,0.,0.,0.,0.,0.,0.
0.00032466139842,0.,0.,0.,0.,0.,0.,0.,0.,0.
 0.19091932505,0.00032466139842,0.,0.,0.,0.,0.,0.,0.,0.
 0.19091932505,0.036363183625,0.,0.,0.,0.,0.,0.,0.,0.
0.036363183625,0.034648836099,0.,0.,0.,0.,0.,0.,0.,0.
0.034648836099,0.,0.,0.,0.,0.,0.,0.,0.,0.
0.087573690818,0.,0.,0.,0.,0.,0.,0.,0.,0.
0.087573690818,0.0067197542578,0.,0.,0.,0.,0.,0.,0.,0.
0.0067197542578,0.,0.,0.,0.,0.,0.,0.,0.,0.
             1,0.,0.,0.,0.,0.,0.,0.,0.,0.
             1,0.,0.,0.,0.,0.,0.,0.,0.,0.
0.0079079338893,0.0076323602323,0.0018209354741,0.,0.,0.,0.,0.,0.,0.
0.0018209354741,2.153555868e-06,0.,0.,0.,0.,0.,0.,0.,0.
0.034403596221,0.,0.,0.,0.,0.,0.,0.,0.,0.
0.043523186822,0.00097271306976,0.,0.,0.,0.,0.,0.,0.,0.
 0.14487729218,0.043523186822,0.,0.,0.,0.,0.,0.,0.,0.
 0.18136951411, 0.14487729218,0.,0.,0.,0.,0.,0.,0.,0.
 0.18136951411,0.0011052991915,0.,0.,0.,0.,0.,0.,0.,0.
0.018404797657,0.,0.,0.,0.,0.,0.,0.,0.,0.
 0.02481911896,0.011074697987,0.,0.,0.,0.,0.,0.,0.,0.
 0.02481911896,0.0042746583639,0.0011052991915,0.,0.,0.,0.,0.,0.,0.
0.0042746583639,0.0038844915527,0.0025453672937,0.,0.,0.,0.,0.,0.,0.
0.0025453672937,0.,0.,0.,0.,0.,0.,0.,0.,0.
             1,0.,0.,0.,0.,0.,0.,0.,0.,0.
             1,0.,0.,0.,0.,0.,0.,0.,0.,0.
 0.07976511507,0.0070306444198,0.,0.,0.,0.,0.,0.,0.,0.
 0.16073402687, 0.07976511507,2.800567999e-05,0.,0.,0.,0.,0.,0.,0.
 0.16073402687,0.056394347391,0.,0.,0.,0.,0.,0.,0.,0.
0.056394347391,0.,0.,0.,0.,0.,0.,0.,0.,0.
0.0062730717361,2.800567999e-05,0.,0.,0.,0.,0.,0.,0.,0.
             1,0.,0.,0.,0.,0.,0.,0.,0.,0.
0.0050101331656,0.,0.,0.,0.,0.,0.,0.,0.,0.
0.0062730717361,0.0010288725706,0.,0.,0.,0.,0.,0.,0.,0.
0.073838864918,0.,0.,0.,0.,0.,0.,0.,0.,0.
0.073838864918,0.071056016112,0.,0.,0.,0.,0.,0.,0.,0.
0.071056016112,0.,0.,0.,0.,0.,0.,0.,0.,0.
 0.13745390595,0.,0.,0.,0.,0.,0.,0.,0.,0.
 0.13745390595,0.030102533322,0.0010288725706,0.,0.,0.,0.,0.,0.,0.
0.030102533322,0.020551705092,0.017738926541,0.,0.,0.,0.,0.,0.,0.
0.063943678062,0.017738926541,0.012187143044,0.0070306444198,0.,0.,0.,0.,0.,0.
0.063943678062,0.011738056452,0.,0.,0.,0.,0.,0.,0.,0.
             1,0.,0.,0.,0.,0.,0.,0.,0.,0.
0.036012660398,0.0064591377963,0.,0.,0.,0.,0.,0.,0.,0.
 0.17321192507,0.018404797657,0.0064591377963,2.2560026668e-05,0.,0.,0.,0.,0.,0.
 0.17321192507, 0.11189344682,0.,0.,0.,0.,0.,0.,0.,0.
 0.11189344682,0.,0.,0.,0.,0.,0.,0.,0.,0.
0.032837638897,0.,0.,0.,0.,0.,0.,0.,0.,0.
0.061265449952,0.,0.,0.,0.,0.,0.,0.,0.,0.
0.061265449952,0.0011293155326,0.,0.,0.,0.,0.,0.,0.,0.
0.032837638897,0.0011293155326,0.,0.,0.,0.,0.,0.,0.,0.
0.0093189143769,0.0062013094483,0.,0.,0.,0.,0.,0.,0.,0.
0.0062013094483,0.0028118869454,0.,0.,0.,0.,0.,0.,0.,0.
0.0093189143769,0.0028118869454,0.00071948783688,0.,0.,0.,0.,0.,0.,0.
 0.02156561336,0.00071948783688,0.,0.,0.,0.,0.,0.,0.,0.
 0.13115281027, 0.02156561336,0.,0.,0.,0.,0.,0.,0.,0.
 0.13115281027, 0.12623264625,0.,0.,0.,0.,0.,0.,0.,0.
 0.12623264625,0.048003662344,0.,0.,0.,0.,0.,0.,0.,0.
0.048003662344,0.020551705092,0.,0.,0.,0.,0.,0.,0.,0.
0.012187143044,0.0079079338893,0.,0.,0.,0.,0.,0.,0.,0.
0.011738056452,0.00043428049154,0.,0.,0.,0.,0.,0.,0.,0.
0.0038844915527,0.0010558667852,0.00043428049154,0.,0.,0.,0.,0.,0.,0.
 0.10228721513,0.036012660398,0.0010558667852,0.00097271306976,0.,0.,0.,0.,0.,0.
 0.10228721513,0.072430277117,0.00081728327629,2.2560026668e-05,0.,0.,0.,0.,0.,0.
 0.11131504903,0.072430277117,0.,0.,0.,0.,0.,0.,0.,0.
 0.11131504903,0.0021076360063,0.00081728327629,0.,0.,0.,0.,0.,0.,0.
0.0021076360063,0.,0.,0.,0.,0.,0.,0.,0.,0.
             1,0.,0.,0.,0.,0.,0.,0.,0.,0.
0.015863958863,0.013151902233,0.,0.,0.,0.,0.,0.,0.,0.
0.022722410131,0.013151902233,0.0095407838435,0.,0.,0.,0.,0.,0.,0.
0.022722410131,0.0034775277104,0.,0.,0.,0.,0.,0.,0.,0.
0.0034775277104,0.,0.,0.,0.,0.,0.,0.,0.,0.
0.041328650327,0.015863958863,0.0095407838435,2.1262308668e-05,0.,0.,0.,0.,0.,0.
0.00044144807795,0.,0.,0.,0.,0.,0.,0.,0.,0.
 0.19387128297,0.015856966309,0.0019481509052,0.,0.,0.,0.,0.,0.,0.
 0.19387128297, 0.14361965935,0.038887902807,0.0071860108618,0.,0.,0.,0.,0.,0.
 0.14361965935,0.0019481509052,0.00044144807795,0.,0.,0.,0.,0.,0.,0.
0.017210882478,0.,0.,0.,0.,0.,0.,0.,0.,0.
0.014977058841,0.,0.,0.,0.,0.,0.,0.,0.,0.
0.014977058841,0.,0.,0.,0.,0.,0.,0.,0.,0.
             1,0.,0.,0.,0.,0.,0.,0.,0.,0.
0.017210882478,0.00098627218347,0.,0.,0.,0.,0.,0.,0.,0.
0.00098627218347,0.,0.,0.,0.,0.,0.,0.,0.,0.
             1,0.,0.,0.,0.,0.,0.,0.,0.,0.
             1,0.,0.,0.,0.,0.,0.,0.,0.,0.
0.0076323602323,0.00072628657722,0.,0.,0.,0.,0.,0.,0.,0.
0.024949268635,0.00072628657722,2.153555868e-06,0.,0.,0.,0.,0.,0.,0.
0.034403596221,0.024949268635,0.022168806856,0.011330260212,0.,0.,0.,0.,0.,0.
0.011330260212,0.,0.,0.,0.,0.,0.,0.,0.,0.
 0.11201738437,0.00060524011005,0.,0.,0.,0.,0.,0.,0.,0.
 0.11201738437,0.,0.,0.,0.,0.,0.,0.,0.,0.
             1,0.,0.,0.,0.,0.,0.,0.,0.,0.
             1,0.,0.,0.,0.,0.,0.,0.,0.,0.
             1,0.,0.,0.,0.,0.,0.,0.,0.,0.
0.027919417932,0.,0.,0.,0.,0.,0.,0.,0.,0.
0.053751147998,3.9674097973e-05,0.,0.,0.,0.,0.,0.,0.,0.
 0.13046424005,0.,0.,0.,0.,0.,0.,0.,0.,0.
 0.13046424005,0.,0.,0.,0.,0.,0.,0.,0.,0.
             1,0.,0.,0.,0.,0.,0.,0.,0.,0.
 0.28662647509,0.027919417932,0.004755850483,0.,0.,0.,0.,0.,0.,0.
 0.28662647509,0.046765070193,0.,0.,0.,0.,0.,0.,0.,0.
0.046765070193,0.,0.,0.,0.,0.,0.,0.,0.,0.
0.004755850483,0.,0.,0.,0.,0.,0.,0.,0.,0.
0.0015021677061,0.,0.,0.,0.,0.,0.,0.,0.,0.
0.013032521589,0.0015021677061,0.,0.,0.,0.,0.,0.,0.,0.
0.013032521589,0.012564315848,0.,0.,0.,0.,0.,0.,0.,0.
0.086505612077,0.012564315848,0.,0.,0.,0.,0.,0.,0.,0.
0.086505612077,0.0022584147729,0.,0.,0.,0.,0.,0.,0.,0.
             1,0.,0.,0.,0.,0.,0.,0.,0.,0.
0.075743005079,0.,0.,0.,0.,0.,0.,0.,0.,0.
0.075743005079,0.0022584147729,0.,0.,0.,0.,0.,0.,0.,0.
 0.04570321106,0.,0.,0.,0.,0.,0.,0.,0.,0.
0.030531722634,0.,0.,0.,0.,0.,0.,0.,0.,0.
0.030531722634,0.,0.,0.,0.,0.,0.,0.,0.,0.
 0.04570321106,0.,0.,0.,0.,0.,0.,0.,0.,0.
0.00088376164894,0.,0.,0.,0.,0.,0.,0.,0.,0.
             1,0.,0.,0.,0.,0.,0.,0.,0.,0.
             1,0.,0.,0.,0.,0.,0.,0.,0.,0.
 0.06813859881,0.,0.,0.,0.,0.,0.,0.,0.,0.
 0.06813859881,0.,0.,0.,0.,0.,0.,0.,0.,0.
             1,0.,0.,0.,0.,0.,0.,0.,0.,0.
0.0018075448364,0.,0.,0.,0.,0.,0.,0.,0.,0.
0.010637702874,5.7390708819e-05,0.,0.,0.,0.,0.,0.,0.,0.
0.079911177039,0.022168806856,0.00050403718411,5.7390708819e-05,0.,0.,0.,0.,0.,0.
 0.11477810464,0.079911177039,0.032035527493,0.,0.,0.,0.,0.,0.,0.
 0.11477810464,0.00060524011005,0.,0.,0.,0.,0.,0.,0.,0.
 0.25049420022,0.026755634972,0.,0.,0.,0.,0.,0.,0.,0.
 0.25049420022,0.072050688148,0.0085069130876,0.0030058194976,4.6696817405e-05,0.,0.,0.,0.,0.
0.072050688148,0.064233146869,0.0027532349133,0.,0.,0.,0.,0.,0.,0.
0.064233146869,0.045809751337,0.0030058194976,0.,0.,0.,0.,0.,0.,0.
0.045809751337, 0.04175703277,0.0086665401303,0.,0.,0.,0.,0.,0.,0.
 0.04175703277,0.012252581656,0.00093490046815,0.,0.,0.,0.,0.,0.,0.
0.051739232976,0.,0.,0.,0.,0.,0.,0.,0.,0.
  0.0574379387,0.051739232976,0.,0.,0.,0.,0.,0.,0.,0.
  0.0574379387,0.00093490046815,0.,0.,0.,0.,0.,0.,0.,0.
0.052422169609,0.,0.,0.,0.,0.,0.,0.,0.,0.
0.072297168037,0.059616173838,0.052422169609,0.,0.,0.,0.,0.,0.,0.
0.072297168037,0.,0.,0.,0.,0.,0.,0.,0.,0.
4.8852483637e-05,0.,0.,0.,0.,0.,0.,0.,0.,0.
4.8852483637e-05,0.,0.,0.,0.,0.,0.,0.,0.,0.
             1,0.,0.,0.,0.,0.,0.,0.,0.,0.
0.059616173838,0.,0.,0.,0.,0.,0.,0.,0.,0.
 0.11941251336,0.029615049101,0.0022056440541,0.,0.,0.,0.,0.,0.,0.
 0.11941251336,0.031806407279,0.001004039857,0.,0.,0.,0.,0.,0.,0.
0.031806407279,0.029774732621,0.0022056440541,0.,0.,0.,0.,0.,0.,0.
0.029774732621,0.029615049101,0.0023447365552,0.,0.,0.,0.,0.,0.,0.
0.074574908123,0.003131621006,0.0023447365552,0.00080428122572,0.,0.,0.,0.,0.,0.
0.074574908123,0.0042227536326,0.001004039857,0.,0.,0.,0.,0.,0.,0.
0.0042227536326,0.00080428122572,0.,0.,0.,0.,0.,0.,0.,0.
0.0073438785443,0.,0.,0.,0.,0.,0.,0.,0.,0.
             1,0.,0.,0.,0.,0.,0.,0.,0.,0.
0.022629346809,0.010879307373,0.0013897967586,0.,0.,0.,0.,0.,0.,0.
0.010879307373,0.,0.,0.,0.,0.,0.,0.,0.,0.
0.086430848492,0.022629346809,0.,0.,0.,0.,0.,0.,0.,0.
0.086430848492,0.0013897967586,0.,0.,0.,0.,0.,0.,0.,0.
0.068046105402,0.018392546061,0.,0.,0.,0.,0.,0.,0.,0.
0.086209867601,0.068046105402,0.,0.,0.,0.,0.,0.,0.,0.
 0.16342926226,0.086209867601,0.018392546061,0.,0.,0.,0.,0.,0.,0.
 0.16342926226,0.,0.,0.,0.,0.,0.,0.,0.,0.
0.00044632741565,0.,0.,0.,0.,0.,0.,0.,0.,0.
0.010444243273,0.,0.,0.,0.,0.,0.,0.,0.,0.
0.058951639071,0.,0.,0.,0.,0.,0.,0.,0.,0.
0.017853193336,0.0053535829538,0.,0.,0.,0.,0.,0.,0.,0.
0.016407682893,0.0053535829538,0.,0.,0.,0.,0.,0.,0.,0.
 0.13085867658,0.0001364738028,0.,0.,0.,0.,0.,0.,0.,0.
 0.13085867658,0.079140950329,0.00088050416727,0.,0.,0.,0.,0.,0.,0.
0.079140950329,0.,0.,0.,0.,0.,0.,0.,0.,0.
0.025075925706,0.,0.,0.,0.,0.,0.,0.,0.,0.
0.052165926259,0.009345390671,0.,0.,0.,0.,0.,0.,0.,0.
0.052165926259,0.,0.,0.,0.,0.,0.,0.,0.,0.
0.009345390671,0.,0.,0.,0.,0.,0.,0.,0.,0.
 0.10905037421,0.047878414284,0.,0.,0.,0.,0.,0.,0.,0.
 0.10905037421,0.,0.,0.,0.,0.,0.,0.,0.,0.
0.011559117703,0.,0.,0.,0.,0.,0.,0.,0.,0.
0.047878414284,0.00047378187358,0.,0.,0.,0.,0.,0.,0.,0.
0.00047378187358,0.,0.,0.,0.,0.,0.,0.,0.,0.
0.011559117703,0.0053005465351,0.,0.,0.,0.,0.,0.,0.,0.
0.0053005465351,0.,0.,0.,0.,0.,0.,0.,0.,0.
0.00066925803166,0.,0.,0.,0.,0.,0.,0.,0.,0.
             1,0.,0.,0.,0.,0.,0.,0.,0.,0.
             1,0.,0.,0.,0.,0.,0.,0.,0.,0.
0.0054570669999,0.,0.,0.,0.,0.,0.,0.,0.,0.
0.0054570669999,0.,0.,0.,0.,0.,0.,0.,0.,0.
             1,0.,0.,0.,0.,0.,0.,0.,0.,0.
0.030712571015,0.,0.,0.,0.,0.,0.,0.,0.,0.
0.030712571015,0.,0.,0.,0.,0.,0.,0.,0.,0.
             1,0.,0.,0.,0.,0.,0.,0.,0.,0.
             1,0.,0.,0.,0.,0.,0.,0.,0.,0.
0.0091345208983,0.,0.,0.,0.,0.,0.,0.,0.,0.
0.097292352359,0.0091345208983,0.,0.,0.,0.,0.,0.,0.,0.
 0.11908719979,0.019054779578,0.,0.,0.,0.,0.,0.,0.,0.
  0.1203317995, 0.11908719979,  0.1132568774,0.0023749758365,0.,0.,0.,0.,0.,0.
  0.1203317995,0.019054779578,0.,0.,0.,0.,0.,0.,0.,0.
0.097292352359,0.,0.,0.,0.,0.,0.,0.,0.,0.
0.0031221814078,4.89757065e-05,0.,0.,0.,0.,0.,0.,0.,0.
0.021586631994,0.016143443579,0.0023622447102,4.89757065e-05,0.,0.,0.,0.,0.,0.
0.021586631994,0.0015128251897,0.00018545948757,0.,0.,0.,0.,0.,0.,0.
0.031190662594,0.025379260078,0.0084536496304,0.00018545948757,0.,0.,0.,0.,0.,0.
0.031190662594,0.00091379383443,0.,0.,0.,0.,0.,0.,0.,0.
0.065815903445,0.,0.,0.,0.,0.,0.,0.,0.,0.
0.065815903445,0.,0.,0.,0.,0.,0.,0.,0.,0.
0.055186914624,0.,0.,0.,0.,0.,0.,0.,0.,0.
6.0586012666e-05,0.,0.,0.,0.,0.,0.,0.,0.,0.
             1,0.,0.,0.,0.,0.,0.,0.,0.,0.
0.055186914624,0.,0.,0.,0.,0.,0.,0.,0.,0.
 0.11913646489,0.,0.,0.,0.,0.,0.,0.,0.,0.
 0.11913646489,0.0053417124951,0.,0.,0.,0.,0.,0.,0.,0.
             1,0.,0.,0.,0.,0.,0.,0.,0.,0.
0.082940420288,0.,0.,0.,0.,0.,0.,0.,0.,0.
0.082940420288,0.0053417124951,0.,0.,0.,0.,0.,0.,0.,0.
0.0018102715388,6.5747550541e-05,0.,0.,0.,0.,0.,0.,0.,0.
0.079152656962,0.0004988149837,0.,0.,0.,0.,0.,0.,0.,0.
0.079152656962,0.,0.,0.,0.,0.,0.,0.,0.,0.
0.096904430483,6.5747550541e-05,0.,0.,0.,0.,0.,0.,0.,0.
0.096904430483,0.0018102715388,0.0004988149837,0.,0.,0.,0.,0.,0.,0.
0.00016220538816,0.,0.,0.,0.,0.,0.,0.,0.,0.
0.0051537514663,0.,0.,0.,0.,0.,0.,0.,0.,0.
0.0051537514663,0.,0.,0.,0.,0.,0.,0.,0.,0.
0.0025148140247,0.,0.,0.,0.,0.,0.,0.,0.,0.
0.0025148140247,0.00016220538816,0.,0.,0.,0.,0.,0.,0.,0.
             1,0.,0.,0.,0.,0.,0.,0.,0.,0.
             1,0.,0.,0.,0.,0.,0.,0.,0.,0.
0.032815762608,0.,0.,0.,0.,0.,0.,0.,0.,0.
0.032815762608,0.026773906766,0.021573298986,0.00030380532495,0.,0.,0.,0.,0.,0.
0.026773906766,0.,0.,0.,0.,0.,0.,0.,0.,0.
0.095487147522,0.021573298986,0.,0.,0.,0.,0.,0.,0.,0.
0.095487147522,0.0023749758365,0.00030380532495,0.,0.,0.,0.,0.,0.,0.
  0.1132568774,0.049403650038,0.,0.,0.,0.,0.,0.,0.,0.
0.012325398035,0.,0.,0.,0.,0.,0.,0.,0.,0.
 0.21184830848,0.050817359018,0.012325398035,0.0027756424579,0.,0.,0.,0.,0.,0.
 0.21184830848,0.068056960532,0.,0.,0.,0.,0.,0.,0.,0.
 0.10156260234,0.068056960532,0.0027756424579,0.,0.,0.,0.,0.,0.,0.
 0.10156260234,0.078346431506,0.,0.,0.,0.,0.,0.,0.,0.
0.078346431506,0.050817359018,0.0051151917652,0.,0.,0.,0.,0.,0.,0.
0.0051151917652,0.,0.,0.,0.,0.,0.,0.,0.,0.
0.0061745866695,0.,0.,0.,0.,0.,0.,0.,0.,0.
0.0061745866695,0.,0.,0.,0.,0.,0.,0.,0.,0.
             1,0.,0.,0.,0.,0.,0.,0.,0.,0.
             1,0.,0.,0.,0.,0.,0.,0.,0.,0.
 0.03984355947,0.,0.,0.,0.,0.,0.,0.,0.,0.
0.076210200286, 0.03984355947,0.,0.,0.,0.,0.,0.,0.,0.
0.076210200286,0.,0.,0.,0.,0.,0.,0.,0.,0.
0.020471052607,0.,0.,0.,0.,0.,0.,0.,0.,0.
0.088329372061,0.020471052607,0.,0.,0.,0.,0.,0.,0.,0.
0.088329372061,0.,0.,0.,0.,0.,0.,0.,0.,0.
0.0050619710695,0.,0.,0.,0.,0.,0.,0.,0.,0.
0.0050619710695,0.,0.,0.,0.,0.,0.,0.,0.,0.
             1,0.,0.,0.,0.,0.,0.,0.,0.,0.
             1,0.,0.,0.,0.,0.,0.,0.,0.,0.
             1,0.,0.,0.,0.,0.,0.,0.,0.,0.
0.018971809034,0.,0.,0.,0.,0.,0.,0.,0.,0.
0.018971809034,0.0007965320302,0.,0.,0.,0.,0.,0.,0.,0.
0.0019558091771,0.,0.,0.,0.,0.,0.,0.,0.,0.
 0.19652038932,0.0019558091771,0.,0.,0.,0.,0.,0.,0.,0.
 0.19652038932,0.,0.,0.,0.,0.,0.,0.,0.,0.
 0.17051958804,0.,0.,0.,0.,0.,0.,0.,0.,0.
 0.17051958804,0.019161527104,0.0007965320302,0.,0.,0.,0.,0.,0.,0.
0.051346554519,0.,0.,0.,0.,0.,0.,0.,0.,0.
0.051346554519,0.,0.,0.,0.,0.,0.,0.,0.,0.
0.015899646188,0.00080644064747,0.,0.,0.,0.,0.,0.,0.,0.
0.078374234439,0.015899646188,6.0586012666e-05,0.,0.,0.,0.,0.,0.,0.
 0.24596712876,0.078374234439,0.,0.,0.,0.,0.,0.,0.,0.
 0.24596712876,0.046303101475,0.,0.,0.,0.,0.,0.,0.,0.
0.046303101475,0.,0.,0.,0.,0.,0.,0.,0.,0.
             1,0.,0.,0.,0.,0.,0.,0.,0.,0.
0.069569308573,0.,0.,0.,0.,0.,0.,0.,0.,0.
0.069569308573,0.014754786808,0.,0.,0.,0.,0.,0.,0.,0.
0.014754786808,0.,0.,0.,0.,0.,0.,0.,0.,0.
0.00038661932476,0.,0.,0.,0.,0.,0.,0.,0.,0.
0.0012676842783,0.,0.,0.,0.,0.,0.,0.,0.,0.
0.022064866735,0.0012676842783,0.,0.,0.,0.,0.,0.,0.,0.
0.022064866735,0.,0.,0.,0.,0.,0.,0.,0.,0.
0.00038661932476,0.,0.,0.,0.,0.,0.,0.,0.,0.
             1,0.,0.,0.,0.,0.,0.,0.,0.,0.
0.0007717130691,0.,0.,0.,0.,0.,0.,0.,0.,0.
0.0099644423362,0.0061566166226,0.,0.,0.,0.,0.,0.,0.,0.
 0.10388441248,0.0061566166226,0.,0.,0.,0.,0.,0.,0.,0.
 0.10388441248,0.,0.,0.,0.,0.,0.,0.,0.,0.
             1,0.,0.,0.,0.,0.,0.,0.,0.,0.
0.0007717130691,0.,0.,0.,0.,0.,0.,0.,0.,0.
0.0099644423362,0.,0.,0.,0.,0.,0.,0.,0.,0.
0.049403650038,0.0031221814078,0.,0.,0.,0.,0.,0.,0.,0.
0.019161527104,0.0023622447102,0.,0.,0.,0.,0.,0.,0.,0.
0.010520607163,0.,0.,0.,0.,0.,0.,0.,0.,0.
0.036462751661,0.010520607163,0.0084536496304,0.,0.,0.,0.,0.,0.,0.
 0.21607723644,0.036462751661,0.00080644064747,0.,0.,0.,0.,0.,0.,0.
 0.21607723644,0.053387984581,0.004832843866,0.,0.,0.,0.,0.,0.,0.
  0.1107371484,0.053387984581,0.,0.,0.,0.,0.,0.,0.,0.
  0.1107371484,0.004832843866,9.5394670289e-05,0.,0.,0.,0.,0.,0.,0.
0.0032539344548,9.5394670289e-05,0.,0.,0.,0.,0.,0.,0.,0.
0.054122570467,0.0032539344548,0.,0.,0.,0.,0.,0.,0.,0.
0.054122570467,0.,0.,0.,0.,0.,0.,0.,0.,0.
 0.13686333329,0.011074697987,0.,0.,0.,0.,0.,0.,0.,0.
 0.13686333329,0.00077400036766,0.,0.,0.,0.,0.,0.,0.,0.
0.013839133524,0.00077400036766,0.,0.,0.,0.,0.,0.,0.,0.
0.013839133524,0.012690221751,0.,0.,0.,0.,0.,0.,0.,0.
0.036824357273,0.012690221751,0.00082433055726,0.00026590953446,0.,0.,0.,0.,0.,0.
0.036824357273,0.025956938297,0.,0.,0.,0.,0.,0.,0.,0.
0.038220093936,0.00018923930927,0.,0.,0.,0.,0.,0.,0.,0.
0.038220093936, 0.01673383583,0.016143443579,0.,0.,0.,0.,0.,0.,0.
0.025542513686, 0.01673383583,0.0015128251897,0.,0.,0.,0.,0.,0.,0.
0.025542513686,0.025379260078,0.0054351854021,0.0014971623049,0.,0.,0.,0.,0.,0.
0.0014971623049,0.,0.,0.,0.,0.,0.,0.,0.,0.
0.00097182143873,0.00066925803166,0.,0.,0.,0.,0.,0.,0.,0.
 0.21926808536,0.020971231847,0.00097182143873,0.,0.,0.,0.,0.,0.,0.
 0.21926808536,0.0015797887687,0.,0.,0.,0.,0.,0.,0.,0.
0.0012107764675,0.,0.,0.,0.,0.,0.,0.,0.,0.
0.060959580109,0.0012107764675,0.,0.,0.,0.,0.,0.,0.,0.
 0.10410544416,0.,0.,0.,0.,0.,0.,0.,0.,0.
 0.14915928603, 0.10410544416,0.041175690394,0.0028560477992,0.,0.,0.,0.,0.,0.
 0.16762016036, 0.14915928603,0.,0.,0.,0.,0.,0.,0.,0.
 0.16762016036,0.041175690394,0.0026768449139,0.,0.,0.,0.,0.,0.,0.
0.0028560477992,0.0026768449139,0.,0.,0.,0.,0.,0.,0.,0.
  0.1562776441,0.,0.,0.,0.,0.,0.,0.,0.,0.
  0.1562776441,0.,0.,0.,0.,0.,0.,0.,0.,0.
             1,0.,0.,0.,0.,0.,0.,0.,0.,0.
 0.11379230951,0.060959580109,0.,0.,0.,0.,0.,0.,0.,0.
 0.11379230951,0.,0.,0.,0.,0.,0.,0.,0.,0.
 0.16869630728,0.0015797887687,0.,0.,0.,0.,0.,0.,0.,0.
 0.16869630728, 0.15207010672,  0.0120612352,0.,0.,0.,0.,0.,0.,0.
 0.15207010672, 0.10619413462,0.,0.,0.,0.,0.,0.,0.,0.
 0.10619413462,0.00067599801665,0.,0.,0.,0.,0.,0.,0.,0.
  0.0120612352,0.00067599801665,0.,0.,0.,0.,0.,0.,0.,0.
0.0093072745566,0.,0.,0.,0.,0.,0.,0.,0.,0.
0.0093072745566,0.,0.,0.,0.,0.,0.,0.,0.,0.
             1,0.,0.,0.,0.,0.,0.,0.,0.,0.
0.00091379383443,0.,0.,0.,0.,0.,0.,0.,0.,0.
0.027721285219,0.,0.,0.,0.,0.,0.,0.,0.,0.
0.035941506714,0.032227639255,0.027721285219,0.,0.,0.,0.,0.,0.,0.
0.035941506714,0.00082433055726,0.,0.,0.,0.,0.,0.,0.,0.
 0.22647563518,0.032227639255,7.6148416563e-05,0.,0.,0.,0.,0.,0.,0.
 0.22647563518,0.025956938297,0.,0.,0.,0.,0.,0.,0.,0.
0.057761762682,0.00026590953446,0.,0.,0.,0.,0.,0.,0.,0.
 0.05392607404,0.,0.,0.,0.,0.,0.,0.,0.,0.
 0.05392607404,0.,0.,0.,0.,0.,0.,0.,0.,0.
0.057761762682,0.,0.,0.,0.,0.,0.,0.,0.,0.
             1,0.,0.,0.,0.,0.,0.,0.,0.,0.
             1,0.,0.,0.,0.,0.,0.,0.,0.,0.
 0.21311956138,0.,0.,0.,0.,0.,0.,0.,0.,0.
 0.21311956138,0.070142779309,0.00044632741565,0.00018923930927,7.6148416563e-05,0.,0.,0.,0.,0.
0.070142779309,0.010444243273,0.0013661429434,0.,0.,0.,0.,0.,0.,0.
 0.13724288892,0.0013661429434,0.,0.,0.,0.,0.,0.,0.,0.
 0.13724288892,0.017853193336,0.0054351854021,0.,0.,0.,0.,0.,0.,0.
0.0053456353272,0.,0.,0.,0.,0.,0.,0.,0.,0.
0.020971231847,0.0053456353272,0.0040718664751,0.0001364738028,0.,0.,0.,0.,0.,0.
 0.10896268193,0.0040718664751,0.,0.,0.,0.,0.,0.,0.,0.
 0.10896268193,0.00088050416727,0.,0.,0.,0.,0.,0.,0.,0.
             1,0.,0.,0.,0.,0.,0.,0.,0.,0.
 0.11104120729,0.,0.,0.,0.,0.,0.,0.,0.,0.
 0.11104120729,0.0003938253715,0.,0.,0.,0.,0.,0.,0.,0.
             1,0.,0.,0.,0.,0.,0.,0.,0.,0.
0.0003938253715,0.,0.,0.,0.,0.,0.,0.,0.,0.
 0.11344408555,0.,0.,0.,0.,0.,0.,0.,0.,0.
 0.11344408555,0.,0.,0.,0.,0.,0.,0.,0.,0.
             1,0.,0.,0.,0.,0.,0.,0.,0.,0.
0.059428007985,0.0030741923633,0.0010076510068,0.,0.,0.,0.,0.,0.,0.
0.056346385404,0.0030741923633,0.,0.,0.,0.,0.,0.,0.,0.
0.056346385404,0.0010592369498,0.,0.,0.,0.,0.,0.,0.,0.
0.0010592369498,0.,0.,0.,0.,0.,0.,0.,0.,0.
0.0027532349133,0.,0.,0.,0.,0.,0.,0.,0.,0.
0.059428007985,0.,0.,0.,0.,0.,0.,0.,0.,0.
 0.12431079807,0.0010076510068,0.,0.,0.,0.,0.,0.,0.,0.
 0.12431079807,0.0086665401303,0.0012816058419,4.3016454214e-06,0.,0.,0.,0.,0.,0.
0.012252581656,0.0041649532674,4.3016454214e-06,0.,0.,0.,0.,0.,0.,0.
0.0041649532674,0.00039775978343,0.,0.,0.,0.,0.,0.,0.,0.
0.092328571289,0.00039775978343,0.,0.,0.,0.,0.,0.,0.,0.
0.092328571289,0.,0.,0.,0.,0.,0.,0.,0.,0.
8.8891662238e-05,0.,0.,0.,0.,0.,0.,0.,0.,0.
0.045451377703,0.,0.,0.,0.,0.,0.,0.,0.,0.
0.045451377703,0.018627432302,0.,0.,0.,0.,0.,0.,0.,0.
0.018627432302,0.016787894777,0.,0.,0.,0.,0.,0.,0.,0.
0.073748106701,8.8891662238e-05,0.,0.,0.,0.,0.,0.,0.,0.
0.073748106701,0.057856666006,0.,0.,0.,0.,0.,0.,0.,0.
0.057856666006,0.016787894777,0.,0.,0.,0.,0.,0.,0.,0.
             1,0.,0.,0.,0.,0.,0.,0.,0.,0.
             1,0.,0.,0.,0.,0.,0.,0.,0.,0.
0.080177855795,0.0040450318478,0.,0.,0.,0.,0.,0.,0.,0.
0.080177855795,0.078921055678,0.0015074852599,2.1262308668e-05,0.,0.,0.,0.,0.,0.
0.078921055678,0.0090886704576,0.,0.,0.,0.,0.,0.,0.,0.
0.0040450318478,0.00018664863636,0.,0.,0.,0.,0.,0.,0.,0.
0.012612394821,0.0015074852599,0.00018664863636,0.,0.,0.,0.,0.,0.,0.
0.024310652251,0.012612394821,0.,0.,0.,0.,0.,0.,0.,0.
 0.15386534578,0.024310652251,0.,0.,0.,0.,0.,0.,0.,0.
 0.15386534578,0.0090886704576,0.0029614974212,0.,0.,0.,0.,0.,0.,0.
0.046458313171,0.0029614974212,0.0023156491955,0.,0.,0.,0.,0.,0.,0.
0.046458313171,0.,0.,0.,0.,0.,0.,0.,0.,0.
 0.10703159665,0.061013186425,0.,0.,0.,0.,0.,0.,0.,0.
 0.10703159665,0.00090365522347,1.0514982589e-05,0.,0.,0.,0.,0.,0.,0.
0.00029319339339,8.1688159516e-06,8.0386154589e-06,0.,0.,0.,0.,0.,0.,0.
0.061013186425,0.0060260913227,0.0023156491955,8.1688159516e-06,0.,0.,0.,0.,0.,0.
0.071017520734,0.0060260913227,0.00090365522347,8.7789568983e-06,0.,0.,0.,0.,0.,0.
 0.09404650565,0.071017520734,0.031810203459,0.00029319339339,0.,0.,0.,0.,0.,0.
0.031810203459,8.0386154589e-06,0.,0.,0.,0.,0.,0.,0.,0.
0.034367334407,8.7789568983e-06,0.,0.,0.,0.,0.,0.,0.,0.
0.034367334407,0.0040829938144,0.00079429341573,0.,0.,0.,0.,0.,0.,0.
0.074615008259,0.0078817295913,0.0040829938144,0.0038777629712,0.,0.,0.,0.,0.,0.
0.074615008259,0.,0.,0.,0.,0.,0.,0.,0.,0.
0.0078817295913,0.,0.,0.,0.,0.,0.,0.,0.,0.
             1,0.,0.,0.,0.,0.,0.,0.,0.,0.
             1,0.,0.,0.,0.,0.,0.,0.,0.,0.
0.014624111415,0.0038777629712,0.,0.,0.,0.,0.,0.,0.,0.
0.014624111415,0.,0.,0.,0.,0.,0.,0.,0.,0.
             1,0.,0.,0.,0.,0.,0.,0.,0.,0.
0.002127044493,0.,0.,0.,0.,0.,0.,0.,0.,0.
             1,0.,0.,0.,0.,0.,0.,0.,0.,0.
             1,0.,0.,0.,0.,0.,0.,0.,0.,0.
 0.10375555625,0.,0.,0.,0.,0.,0.,0.,0.,0.
 0.10375555625,0.074944491273, 0.01902382947,0.,0.,0.,0.,0.,0.,0.
0.074944491273,0.0022898379092,0.,0.,0.,0.,0.,0.,0.,0.
0.013489027427,0.0022898379092,0.,0.,0.,0.,0.,0.,0.,0.
0.013489027427,0.002127044493,0.,0.,0.,0.,0.,0.,0.,0.
  0.1884167807,0.,0.,0.,0.,0.,0.,0.,0.,0.
  0.1884167807, 0.01902382947,0.012002735282,0.,0.,0.,0.,0.,0.,0.
0.012002735282,0.0096812734269,0.,0.,0.,0.,0.,0.,0.,0.
0.015506486421,0.,0.,0.,0.,0.,0.,0.,0.,0.
0.015506486421,0.,0.,0.,0.,0.,0.,0.,0.,0.
0.0096812734269,0.,0.,0.,0.,0.,0.,0.,0.,0.
             1,0.,0.,0.,0.,0.,0.,0.,0.,0.
             1,0.,0.,0.,0.,0.,0.,0.,0.,0.
 0.04016121391,0.,0.,0.,0.,0.,0.,0.,0.,0.
0.051359317324, 0.04016121391,0.,0.,0.,0.,0.,0.,0.,0.
0.051359317324,0.011990288006,0.,0.,0.,0.,0.,0.,0.,0.
0.011990288006,0.,0.,0.,0.,0.,0.,0.,0.,0.
             1,0.,0.,0.,0.,0.,0.,0.,0.,0.
0.0074398511506,0.,0.,0.,0.,0.,0.,0.,0.,0.
0.000338096916,0.,0.,0.,0.,0.,0.,0.,0.,0.
0.0013012118658,0.,0.,0.,0.,0.,0.,0.,0.,0.
 0.09404650565,0.0074398511506,0.00079429341573,0.,0.,0.,0.,0.,0.,0.
0.059368810745,0.000338096916,0.,0.,0.,0.,0.,0.,0.,0.
0.059368810745,0.0013012118658,0.,0.,0.,0.,0.,0.,0.,0.
             1,0.,0.,0.,0.,0.,0.,0.,0.,0.
             1,0.,0.,0.,0.,0.,0.,0.,0.,0.
0.0030643443095,0.,0.,0.,0.,0.,0.,0.,0.,0.
0.065120161679,0.0030643443095,0.,0.,0.,0.,0.,0.,0.,0.
 0.17115629312,0.065120161679,0.014281462028,0.,0.,0.,0.,0.,0.,0.
 0.17115629312,0.060107237196,0.0041849284581,0.,0.,0.,0.,0.,0.,0.
0.060107237196,0.,0.,0.,0.,0.,0.,0.,0.,0.
0.014281462028,0.,0.,0.,0.,0.,0.,0.,0.,0.
0.0089777293084,0.0041849284581,0.,0.,0.,0.,0.,0.,0.,0.
             1,0.,0.,0.,0.,0.,0.,0.,0.,0.
0.014254830154,0.,0.,0.,0.,0.,0.,0.,0.,0.
0.014254830154,0.0093478419108,0.0013162753305,0.,0.,0.,0.,0.,0.,0.
0.0013162753305,0.,0.,0.,0.,0.,0.,0.,0.,0.
0.032727575178,0.0055406829596,0.,0.,0.,0.,0.,0.,0.,0.
0.0089777293084,0.0055406829596,0.,0.,0.,0.,0.,0.,0.,0.
             1,0.,0.,0.,0.,0.,0.,0.,0.,0.
             1,0.,0.,0.,0.,0.,0.,0.,0.,0.
 0.01083744967,0.00018643780025,0.,0.,0.,0.,0.,0.,0.,0.
0.00018643780025,0.,0.,0.,0.,0.,0.,0.,0.,0.
 0.02481609593,0.,0.,0.,0.,0.,0.,0.,0.,0.
0.088757881163, 0.02481609593, 0.01083744967,0.0067426134263,0.,0.,0.,0.,0.,0.
 0.13235469304,0.088757881163,1.0514982589e-05,0.,0.,0.,0.,0.,0.,0.
 0.13235469304,0.0067426134263,2.3941620398e-06,0.,0.,0.,0.,0.,0.,0.
2.3941620398e-06,0.,0.,0.,0.,0.,0.,0.,0.,0.
             1,0.,0.,0.,0.,0.,0.,0.,0.,0.
  0.1052067435,0.,0.,0.,0.,0.,0.,0.,0.,0.
  0.1052067435,0.064675112087,0.,0.,0.,0.,0.,0.,0.,0.
0.064675112087,0.0015637395795,0.,0.,0.,0.,0.,0.,0.,0.
0.0015637395795,0.0012401757666,0.,0.,0.,0.,0.,0.,0.,0.
0.032727575178,0.0085514329247,0.006829998922,0.0012401757666,0.,0.,0.,0.,0.,0.
0.006829998922,0.,0.,0.,0.,0.,0.,0.,0.,0.
0.021406479752,0.,0.,0.,0.,0.,0.,0.,0.,0.
 0.10706457523,  0.0228501001,0.021406479752,0.0085514329247,0.,0.,0.,0.,0.,0.
 0.12446884236, 0.10706457523,0.041328650327,0.,0.,0.,0.,0.,0.,0.
 0.12446884236,0.,0.,0.,0.,0.,0.,0.,0.,0.
             1,0.,0.,0.,0.,0.,0.,0.,0.,0.
             1,0.,0.,0.,0.,0.,0.,0.,0.,0.
  0.0228501001,0.0054262829725,0.,0.,0.,0.,0.,0.,0.,0.
0.054858495912,0.0054262829725,0.,0.,0.,0.,0.,0.,0.,0.
0.054858495912,0.030544376765,0.,0.,0.,0.,0.,0.,0.,0.
0.030544376765,0.020741406677,0.,0.,0.,0.,0.,0.,0.,0.
0.027347204141,0.020741406677,0.,0.,0.,0.,0.,0.,0.,0.
0.027347204141,0.,0.,0.,0.,0.,0.,0.,0.,0.
0.0093478419108,0.,0.,0.,0.,0.,0.,0.,0.,0.
0.012422926071,0.,0.,0.,0.,0.,0.,0.,0.,0.
0.012422926071,0.,0.,0.,0.,0.,0.,0.,0.,0.
             1,0.,0.,0.,0.,0.,0.,0.,0.,0.
             1,0.,0.,0.,0.,0.,0.,0.,0.,0.
             1,0.,0.,0.,0.,0.,0.,0.,0.,0.
             1,0.,0.,0.,0.,0.,0.,0.,0.,0.
0.040678448171,0.026625231914,0.0077590698683,0.,0.,0.,0.,0.,0.,0.
0.034780001213,0.026625231914,0.010418737524,0.,0.,0.,0.,0.,0.,0.
0.040678448171,0.034780001213,0.,0.,0.,0.,0.,0.,0.,0.
0.094623779944,0.0077590698683,0.,0.,0.,0.,0.,0.,0.,0.
0.094623779944,0.062023191624,0.0043859243499,0.,0.,0.,0.,0.,0.,0.
0.062023191624,0.015024550039,0.013980019287,0.,0.,0.,0.,0.,0.,0.
0.013980019287,0.0043859243499,0.0030046369365,0.,0.,0.,0.,0.,0.,0.
0.016236419194,0.0030046369365,0.,0.,0.,0.,0.,0.,0.,0.
0.0088588126882,0.,0.,0.,0.,0.,0.,0.,0.,0.
0.0088588126882,0.,0.,0.,0.,0.,0.,0.,0.,0.
0.016236419194,0.,0.,0.,0.,0.,0.,0.,0.,0.
             1,0.,0.,0.,0.,0.,0.,0.,0.,0.
0.061122923021,0.,0.,0.,0.,0.,0.,0.,0.,0.
0.061122923021,0.026340920182,0.0072586836581,0.,0.,0.,0.,0.,0.,0.
0.026340920182,1.4653730473e-05,0.,0.,0.,0.,0.,0.,0.,0.
0.040710153044,0.034328308434,1.4653730473e-05,0.,0.,0.,0.,0.,0.,0.
0.040122689757,0.034328308434,0.,0.,0.,0.,0.,0.,0.,0.
0.040122689757,0.,0.,0.,0.,0.,0.,0.,0.,0.
0.040710153044,0.,0.,0.,0.,0.,0.,0.,0.,0.
             1,0.,0.,0.,0.,0.,0.,0.,0.,0.
             1,0.,0.,0.,0.,0.,0.,0.,0.,0.
0.0044020063438,0.,0.,0.,0.,0.,0.,0.,0.,0.
0.034863910291,0.0044020063438,0.,0.,0.,0.,0.,0.,0.,0.
0.038178603501,0.034863910291,0.,0.,0.,0.,0.,0.,0.,0.
0.038178603501,0.023117887801,0.,0.,0.,0.,0.,0.,0.,0.
             1,0.,0.,0.,0.,0.,0.,0.,0.,0.
             1,0.,0.,0.,0.,0.,0.,0.,0.,0.
0.023117887801,0.,0.,0.,0.,0.,0.,0.,0.,0.
             1,0.,0.,0.,0.,0.,0.,0.,0.,0.
0.028181841029,0.,0.,0.,0.,0.,0.,0.,0.,0.
0.028181841029,0.0010348975469,0.,0.,0.,0.,0.,0.,0.,0.
0.0011070068318,0.,0.,0.,0.,0.,0.,0.,0.,0.
0.0011070068318,0.,0.,0.,0.,0.,0.,0.,0.,0.
0.0010348975469,0.,0.,0.,0.,0.,0.,0.,0.,0.
             1,0.,0.,0.,0.,0.,0.,0.,0.,0.
             1,0.,0.,0.,0.,0.,0.,0.,0.,0.
0.033123403349,0.,0.,0.,0.,0.,0.,0.,0.,0.
0.033123403349,0.,0.,0.,0.,0.,0.,0.,0.,0.
0.041522379848,0.0026062736697,0.,0.,0.,0.,0.,0.,0.,0.
0.041522379848,0.035539977794,0.,0.,0.,0.,0.,0.,0.,0.
0.072627569884,0.035539977794,0.,0.,0.,0.,0.,0.,0.,0.
0.072627569884,0.0056147198312,3.6487498358e-05,0.,0.,0.,0.,0.,0.,0.
0.010941644936,0.0056147198312,0.0050213496259,0.,0.,0.,0.,0.,0.,0.
0.010941644936,3.6487498358e-05,0.,0.,0.,0.,0.,0.,0.,0.
0.089046559179,0.,0.,0.,0.,0.,0.,0.,0.,0.
0.089046559179, 0.01802558536,0.0050213496259,0.,0.,0.,0.,0.,0.,0.
 0.01802558536,0.0071876312616,0.,0.,0.,0.,0.,0.,0.,0.
0.0071876312616,0.,0.,0.,0.,0.,0.,0.,0.,0.
0.041697818192,0.0027703476828,0.,0.,0.,0.,0.,0.,0.,0.
 0.08404360152,0.041697818192,0.,0.,0.,0.,0.,0.,0.,0.
 0.13128961186, 0.08404360152,0.0072586836581,0.0027703476828,0.,0.,0.,0.,0.,0.
 0.13128961186,0.00013503002087,0.,0.,0.,0.,0.,0.,0.,0.
0.0033138829058,0.,0.,0.,0.,0.,0.,0.,0.,0.
0.0033138829058,0.,0.,0.,0.,0.,0.,0.,0.,0.
0.028204601307,0.00013503002087,0.,0.,0.,0.,0.,0.,0.,0.
0.028204601307,0.012852735654,6.0704037626e-05,0.,0.,0.,0.,0.,0.,0.
0.012852735654,0.0087047880151,0.,0.,0.,0.,0.,0.,0.,0.
             1,0.,0.,0.,0.,0.,0.,0.,0.,0.
0.0026062736697,6.0704037626e-05,0.,0.,0.,0.,0.,0.,0.,0.
0.032535732729,0.029284999301,0.,0.,0.,0.,0.,0.,0.,0.
 0.10717986847, 0.02460962699,0.,0.,0.,0.,0.,0.,0.,0.
 0.02460962699,0.0065103443015,0.00019593526033,0.,0.,0.,0.,0.,0.,0.
0.032535732729,0.0065103443015,0.005134613782,0.0028582019502,0.,0.,0.,0.,0.,0.
0.0028582019502,0.,0.,0.,0.,0.,0.,0.,0.,0.
0.029284999301,0.005134613782,0.,0.,0.,0.,0.,0.,0.,0.
             1,0.,0.,0.,0.,0.,0.,0.,0.,0.
             1,0.,0.,0.,0.,0.,0.,0.,0.,0.
0.022724355937,0.,0.,0.,0.,0.,0.,0.,0.,0.
0.022724355937,0.00014296864009,0.,0.,0.,0.,0.,0.,0.,0.
 0.11221853048,0.,0.,0.,0.,0.,0.,0.,0.,0.
 0.11221853048,0.016477502826,0.0045826088644,0.,0.,0.,0.,0.,0.,0.
0.016477502826,0.00014296864009,0.,0.,0.,0.,0.,0.,0.,0.
0.017872220032,0.0081239792108,0.,0.,0.,0.,0.,0.,0.,0.
 0.12217210046,0.0081239792108,0.0045826088644,0.,0.,0.,0.,0.,0.,0.
 0.12217210046,0.,0.,0.,0.,0.,0.,0.,0.,0.
0.017872220032,0.0087047880151,0.0055267358928,0.,0.,0.,0.,0.,0.,0.
0.0055267358928,0.,0.,0.,0.,0.,0.,0.,0.,0.
 0.01615597745,0.,0.,0.,0.,0.,0.,0.,0.,0.
0.054929210458, 0.01615597745,0.,0.,0.,0.,0.,0.,0.,0.
0.054929210458,0.,0.,0.,0.,0.,0.,0.,0.,0.
0.026214242808,0.,0.,0.,0.,0.,0.,0.,0.,0.
0.096550802105,0.026214242808,0.020385334746,0.,0.,0.,0.,0.,0.,0.
 0.21289712926,0.096550802105,0.,0.,0.,0.,0.,0.,0.,0.
 0.21289712926,0.,0.,0.,0.,0.,0.,0.,0.,0.
0.023773226029,0.020385334746,0.,0.,0.,0.,0.,0.,0.,0.
0.023773226029,0.,0.,0.,0.,0.,0.,0.,0.,0.
0.0011119136038,0.,0.,0.,0.,0.,0.,0.,0.,0.
0.0056683861138,0.,0.,0.,0.,0.,0.,0.,0.,0.
 0.06011370023,0.,0.,0.,0.,0.,0.,0.,0.,0.
 0.06011370023,0.0011119136038,0.,0.,0.,0.,0.,0.,0.,0.
0.0076337796969,0.0056683861138,0.,0.,0.,0.,0.,0.,0.,0.
0.0076337796969,0.,0.,0.,0.,0.,0.,0.,0.,0.
0.008491881327,0.,0.,0.,0.,0.,0.,0.,0.,0.
0.008491881327,0.,0.,0.,0.,0.,0.,0.,0.,0.
             1,0.,0.,0.,0.,0.,0.,0.,0.,0.
 0.11972912197,0.,0.,0.,0.,0.,0.,0.,0.,0.
 0.11972912197,0.,0.,0.,0.,0.,0.,0.,0.,0.
0.048833320568,0.0051732534787,0.,0.,0.,0.,0.,0.,0.,0.
0.010418737524,0.0051732534787,0.,0.,0.,0.,0.,0.,0.,0.
0.032184735489,0.016583207559,0.,0.,0.,0.,0.,0.,0.,0.
0.032184735489,0.,0.,0.,0.,0.,0.,0.,0.,0.
0.00098905175435,0.,0.,0.,0.,0.,0.,0.,0.,0.
0.016583207559,0.00098905175435,0.,0.,0.,0.,0.,0.,0.,0.
0.040899877536,0.,0.,0.,0.,0.,0.,0.,0.,0.
0.040899877536,0.015024550039,0.,0.,0.,0.,0.,0.,0.,0.
             1,0.,0.,0.,0.,0.,0.,0.,0.,0.
0.036120301677,0.,0.,0.,0.,0.,0.,0.,0.,0.
0.036120301677,2.5616348887e-07,0.,0.,0.,0.,0.,0.,0.,0.
0.024740700147,0.0085388310039,0.,0.,0.,0.,0.,0.,0.,0.
0.024740700147,0.,0.,0.,0.,0.,0.,0.,0.,0.
0.0006699829523,2.5616348887e-07,0.,0.,0.,0.,0.,0.,0.,0.
0.0085388310039,0.,0.,0.,0.,0.,0.,0.,0.,0.
             1,0.,0.,0.,0.,0.,0.,0.,0.,0.
0.046950655372,0.,0.,0.,0.,0.,0.,0.,0.,0.
0.046950655372,0.,0.,0.,0.,0.,0.,0.,0.,0.
 0.10717986847,0.,0.,0.,0.,0.,0.,0.,0.,0.
0.0014463410052,0.,0.,0.,0.,0.,0.,0.,0.,0.
0.00019593526033,0.,0.,0.,0.,0.,0.,0.,0.,0.
             1,0.,0.,0.,0.,0.,0.,0.,0.,0.
0.038565351155,0.,0.,0.,0.,0.,0.,0.,0.,0.
0.038565351155,0.0014463410052,0.,0.,0.,0.,0.,0.,0.,0.
 0.17748827823,0.00031670212715,0.,0.,0.,0.,0.,0.,0.,0.
 0.17748827823,0.021337551382,0.,0.,0.,0.,0.,0.,0.,0.
0.021337551382,0.,0.,0.,0.,0.,0.,0.,0.,0.
0.00031670212715,0.,0.,0.,0.,0.,0.,0.,0.,0.
             1,0.,0.,0.,0.,0.,0.,0.,0.,0.
0.032094039338,0.,0.,0.,0.,0.,0.,0.,0.,0.
             1,0.,0.,0.,0.,0.,0.,0.,0.,0.
             1,0.,0.,0.,0.,0.,0.,0.,0.,0.
 0.10960195555,0.,0.,0.,0.,0.,0.,0.,0.,0.
 0.10960195555,0.0015217180004,0.,0.,0.,0.,0.,0.,0.,0.
             1,0.,0.,0.,0.,0.,0.,0.,0.,0.
0.0054187761944,0.,0.,0.,0.,0.,0.,0.,0.,0.
0.057618079558,0.0015217180004,0.,0.,0.,0.,0.,0.,0.,0.
0.057618079558,9.8424359078e-05,0.,0.,0.,0.,0.,0.,0.,0.
0.0054187761944,9.8424359078e-05,0.,0.,0.,0.,0.,0.,0.,0.
             1,0.,0.,0.,0.,0.,0.,0.,0.,0.
             1,0.,0.,0.,0.,0.,0.,0.,0.,0.
             1,0.,0.,0.,0.,0.,0.,0.,0.,0.
0.047910822205,0.,0.,0.,0.,0.,0.,0.,0.,0.
0.047910822205,0.,0.,0.,0.,0.,0.,0.,0.,0.
             1,0.,0.,0.,0.,0.,0.,0.,0.,0.
             1,0.,0.,0.,0.,0.,0.,0.,0.,0.
             1,0.,0.,0.,0.,0.,0.,0.,0.,0.
             1,0.,0.,0.,0.,0.,0.,0.,0.,0.
             1,0.,0.,0.,0.,0.,0.,0.,0.,0.
0.0060469953503,0.,0.,0.,0.,0.,0.,0.,0.,0.
             1,0.,0.,0.,0.,0.,0.,0.,0.,0.
             1,0.,0.,0.,0.,0.,0.,0.,0.,0.
0.0099650312166,0.0060469953503,0.,0.,0.,0.,0.,0.,0.,0.
0.010101579664,0.0099650312166,0.,0.,0.,0.,0.,0.,0.,0.
0.044769810753,0.012478090111,0.,0.,0.,0.,0.,0.,0.,0.
0.084548885443,0.012478090111,0.0037781840042,0.,0.,0.,0.,0.,0.,0.
0.084548885443,0.072523954585,0.,0.,0.,0.,0.,0.,0.,0.
0.072523954585,0.044769810753,0.010101579664,0.,0.,0.,0.,0.,0.,0.
0.032017172376,6.8737866515e-07,0.,0.,0.,0.,0.,0.,0.,0.
0.036358918165,0.032017172376,0.029999823225,0.,0.,0.,0.,0.,0.,0.
0.036358918165,0.,0.,0.,0.,0.,0.,0.,0.,0.
0.018807713424,0.,0.,0.,0.,0.,0.,0.,0.,0.
0.018807713424,0.,0.,0.,0.,0.,0.,0.,0.,0.
             1,0.,0.,0.,0.,0.,0.,0.,0.,0.
             1,0.,0.,0.,0.,0.,0.,0.,0.,0.
0.029999823225,0.016113246148,0.,0.,0.,0.,0.,0.,0.,0.
0.016113246148,0.,0.,0.,0.,0.,0.,0.,0.,0.
0.014247157649,0.,0.,0.,0.,0.,0.,0.,0.,0.
0.043083687581,6.8737866515e-07,0.,0.,0.,0.,0.,0.,0.,0.
0.0037781840042,0.,0.,0.,0.,0.,0.,0.,0.,0.
0.014247157649,0.0086152246001,0.,0.,0.,0.,0.,0.,0.,0.
0.043083687581,0.0086152246001,0.,0.,0.,0.,0.,0.,0.,0.
             1,0.,0.,0.,0.,0.,0.,0.,0.,0.
             1,0.,0.,0.,0.,0.,0.,0.,0.,0.
0.032094039338,0.,0.,0.,0.,0.,0.,0.,0.,0.
  0.0475981316,0.,0.,0.,0.,0.,0.,0.,0.,0.
  0.0475981316,0.,0.,0.,0.,0.,0.,0.,0.,0.
0.003885630914,0.,0.,0.,0.,0.,0.,0.,0.,0.
  0.1428778067,0.,0.,0.,0.,0.,0.,0.,0.,0.
  0.1428778067,0.,0.,0.,0.,0.,0.,0.,0.,0.
 0.01223483521,0.0049024811161,0.,0.,0.,0.,0.,0.,0.,0.
0.0049024811161,0.,0.,0.,0.,0.,0.,0.,0.,0.
             1,0.,0.,0.,0.,0.,0.,0.,0.,0.
0.0059362201032,0.,0.,0.,0.,0.,0.,0.,0.,0.
0.075399576303,0.037746050112,0.0059362201032,0.,0.,0.,0.,0.,0.,0.
0.037746050112,0.,0.,0.,0.,0.,0.,0.,0.,0.
0.0011431324107,0.,0.,0.,0.,0.,0.,0.,0.,0.
0.020103929547,0.0011431324107,0.,0.,0.,0.,0.,0.,0.,0.
0.020103929547,0.017160804402,0.,0.,0.,0.,0.,0.,0.,0.
0.017160804402,0.011000718636,0.,0.,0.,0.,0.,0.,0.,0.
0.018572201114,0.011000718636,0.,0.,0.,0.,0.,0.,0.,0.
0.018572201114,0.011058917795,0.010327176446,0.,0.,0.,0.,0.,0.,0.
             1,0.,0.,0.,0.,0.,0.,0.,0.,0.
0.070070387573, 0.03250930568,0.011058917795,0.,0.,0.,0.,0.,0.,0.
0.078666583433,0.070070387573,0.010327176446,0.,0.,0.,0.,0.,0.,0.
0.078666583433,0.016226436696,0.,0.,0.,0.,0.,0.,0.,0.
0.015903815597,0.,0.,0.,0.,0.,0.,0.,0.,0.
 0.10207189122,0.015903815597,0.,0.,0.,0.,0.,0.,0.,0.
             1,0.,0.,0.,0.,0.,0.,0.,0.,0.
0.026691186081,0.024558314993,0.,0.,0.,0.,0.,0.,0.,0.
0.075399576303,0.024558314993,0.0073820954866,0.,0.,0.,0.,0.,0.,0.
0.0073820954866,3.4906528861e-05,0.,0.,0.,0.,0.,0.,0.,0.
 0.10094838374,3.4906528861e-05,0.,0.,0.,0.,0.,0.,0.,0.
 0.10094838374,0.,0.,0.,0.,0.,0.,0.,0.,0.
 0.01223483521,0.,0.,0.,0.,0.,0.,0.,0.,0.
             1,0.,0.,0.,0.,0.,0.,0.,0.,0.
0.003885630914,0.,0.,0.,0.,0.,0.,0.,0.,0.
0.013810301215,0.,0.,0.,0.,0.,0.,0.,0.,0.
0.074225183279,0.042036378639,0.017024295707,0.,0.,0.,0.,0.,0.,0.
0.074225183279,0.033796765644,0.,0.,0.,0.,0.,0.,0.,0.
0.042036378639,0.033796765644,0.,0.,0.,0.,0.,0.,0.,0.
 0.13042462211,0.017024295707,0.,0.,0.,0.,0.,0.,0.,0.
 0.13042462211,0.013810301215,0.0024931085279,0.,0.,0.,0.,0.,0.,0.
 0.09559774596,0.0024931085279,0.,0.,0.,0.,0.,0.,0.,0.
 0.11849398559, 0.09559774596,0.,0.,0.,0.,0.,0.,0.,0.
 0.11849398559,0.048407534481,0.,0.,0.,0.,0.,0.,0.,0.
0.048407534481,0.035665932646,0.,0.,0.,0.,0.,0.,0.,0.
 0.13930462361,0.035665932646,0.,0.,0.,0.,0.,0.,0.,0.
 0.13930462361,0.011018546072,0.,0.,0.,0.,0.,0.,0.,0.
0.0091637270299,0.,0.,0.,0.,0.,0.,0.,0.,0.
0.001487874622,6.6983733152e-05,0.,0.,0.,0.,0.,0.,0.,0.
0.025715967249,6.6983733152e-05,0.,0.,0.,0.,0.,0.,0.,0.
0.006266953083,6.2470268918e-05,0.,0.,0.,0.,0.,0.,0.,0.
0.0068511071085,0.006266953083,0.,0.,0.,0.,0.,0.,0.,0.
0.054385203599,0.0080418337087,0.,0.,0.,0.,0.,0.,0.,0.
0.054385203599,0.047275102738,0.,0.,0.,0.,0.,0.,0.,0.
0.047275102738,0.031882501612,0.0080418337087,0.,0.,0.,0.,0.,0.,0.
0.031882501612,0.0068511071085,0.,0.,0.,0.,0.,0.,0.,0.
0.0029814872955,0.,0.,0.,0.,0.,0.,0.,0.,0.
0.014543515875,0.0029814872955,0.,0.,0.,0.,0.,0.,0.,0.
0.048833320568,0.014543515875,0.,0.,0.,0.,0.,0.,0.,0.
6.2470268918e-05,0.,0.,0.,0.,0.,0.,0.,0.,0.
0.041047940118,0.,0.,0.,0.,0.,0.,0.,0.,0.
0.041047940118,0.,0.,0.,0.,0.,0.,0.,0.,0.
0.001487874622,0.,0.,0.,0.,0.,0.,0.,0.,0.
0.0091637270299,0.,0.,0.,0.,0.,0.,0.,0.,0.
0.018758278518,0.,0.,0.,0.,0.,0.,0.,0.,0.
0.018758278518,0.,0.,0.,0.,0.,0.,0.,0.,0.
             1,0.,0.,0.,0.,0.,0.,0.,0.,0.
0.012041679507,0.0010408286214,0.,0.,0.,0.,0.,0.,0.,0.
0.012041679507,0.,0.,0.,0.,0.,0.,0.,0.,0.
2.4370369834e-05,0.,0.,0.,0.,0.,0.,0.,0.,0.
0.0010408286214,2.4370369834e-05,0.,0.,0.,0.,0.,0.,0.,0.
 0.20429544479,0.0040300219703,0.,0.,0.,0.,0.,0.,0.,0.
 0.20429544479,0.,0.,0.,0.,0.,0.,0.,0.,0.
0.035180283973,0.0040300219703,0.,0.,0.,0.,0.,0.,0.,0.
0.035180283973,0.019741138327,0.,0.,0.,0.,0.,0.,0.,0.
0.019741138327,0.,0.,0.,0.,0.,0.,0.,0.,0.
 0.03254008786,0.,0.,0.,0.,0.,0.,0.,0.,0.
 0.03254008786,0.026691186081,0.0028969622744,0.,0.,0.,0.,0.,0.,0.
0.0030409705548,0.0028969622744,0.,0.,0.,0.,0.,0.,0.,0.
 0.10207189122,0.0030409705548,0.,0.,0.,0.,0.,0.,0.,0.
             1,0.,0.,0.,0.,0.,0.,0.,0.,0.
 0.17510979162,0.016226436696,0.,0.,0.,0.,0.,0.,0.,0.
 0.17510979162,0.0083099327043,0.,0.,0.,0.,0.,0.,0.,0.
 0.03250930568,0.021564339796,0.0083099327043,0.,0.,0.,0.,0.,0.,0.
0.021564339796,0.,0.,0.,0.,0.,0.,0.,0.,0.
0.0095537953868,0.,0.,0.,0.,0.,0.,0.,0.,0.
0.0095537953868,0.0016993260784,0.,0.,0.,0.,0.,0.,0.,0.
0.054024075358,0.0016993260784,0.,0.,0.,0.,0.,0.,0.,0.
 0.08546745902,0.054024075358,0.,0.,0.,0.,0.,0.,0.,0.
0.091925341481, 0.08546745902,0.00024326369753,0.,0.,0.,0.,0.,0.,0.
0.091925341481,0.,0.,0.,0.,0.,0.,0.,0.,0.
             1,0.,0.,0.,0.,0.,0.,0.,0.,0.
             1,0.,0.,0.,0.,0.,0.,0.,0.,0.
0.0022212037194,0.,0.,0.,0.,0.,0.,0.,0.,0.
0.025715967249,0.,0.,0.,0.,0.,0.,0.,0.,0.
0.027707942261,0.,0.,0.,0.,0.,0.,0.,0.,0.
  0.0736792648,0.027707942261,0.,0.,0.,0.,0.,0.,0.,0.
  0.0736792648,0.012635101833,0.011018546072,0.0031943259852,0.,0.,0.,0.,0.,0.
0.0031943259852,0.,0.,0.,0.,0.,0.,0.,0.,0.
             1,0.,0.,0.,0.,0.,0.,0.,0.,0.
             1,0.,0.,0.,0.,0.,0.,0.,0.,0.
0.082364720527,0.0006699829523,0.,0.,0.,0.,0.,0.,0.,0.
0.082364720527,0.,0.,0.,0.,0.,0.,0.,0.,0.
0.012635101833,0.,0.,0.,0.,0.,0.,0.,0.,0.
0.0025834384359,0.,0.,0.,0.,0.,0.,0.,0.,0.
0.0025834384359,0.,0.,0.,0.,0.,0.,0.,0.,0.
             1,0.,0.,0.,0.,0.,0.,0.,0.,0.
 0.10837964798,0.0022212037194,0.,0.,0.,0.,0.,0.,0.,0.
 0.10837964798,0.00069413513048,0.,0.,0.,0.,0.,0.,0.,0.
0.043165223164,0.00069413513048,0.,0.,0.,0.,0.,0.,0.,0.
0.043165223164,0.006807587674,0.,0.,0.,0.,0.,0.,0.,0.
0.006807587674,7.7712116243e-05,0.,0.,0.,0.,0.,0.,0.,0.
0.00024326369753,0.,0.,0.,0.,0.,0.,0.,0.,0.
             1,0.,0.,0.,0.,0.,0.,0.,0.,0.
0.0078775191504,7.7712116243e-05,0.,0.,0.,0.,0.,0.,0.,0.
0.0078775191504,0.,0.,0.,0.,0.,0.,0.,0.,0.
  0.0633181849,0.,0.,0.,0.,0.,0.,0.,0.,0.
  0.0633181849,0.,0.,0.,0.,0.,0.,0.,0.,0.
4.6077708781e-05,0.,0.,0.,0.,0.,0.,0.,0.,0.
             1,0.,0.,0.,0.,0.,0.,0.,0.,0.
0.0023202169893,0.0008051464001,0.,0.,0.,0.,0.,0.,0.,0.
  0.0939167907,0.0008051464001,0.,0.,0.,0.,0.,0.,0.,0.
  0.0939167907,0.073544355337,0.,0.,0.,0.,0.,0.,0.,0.
0.073544355337,0.010934791436,0.0018284730654,0.,0.,0.,0.,0.,0.,0.
0.010934791436,0.0076140838635,0.003677618691,0.,0.,0.,0.,0.,0.,0.
             1,0.,0.,0.,0.,0.,0.,0.,0.,0.
0.032726217269,0.,0.,0.,0.,0.,0.,0.,0.,0.
0.032726217269,0.00041241264137,0.,0.,0.,0.,0.,0.,0.,0.
0.041202681785,0.00041241264137,0.,0.,0.,0.,0.,0.,0.,0.
0.041202681785,0.,0.,0.,0.,0.,0.,0.,0.,0.
0.065493371382,0.,0.,0.,0.,0.,0.,0.,0.,0.
0.065493371382,0.00036868173573,0.,0.,0.,0.,0.,0.,0.,0.
0.051654339157,0.00036868173573,0.,0.,0.,0.,0.,0.,0.,0.
0.051654339157,0.0088721418121,0.0049181079176,0.,0.,0.,0.,0.,0.,0.
0.041676179718,0.0088721418121,0.,0.,0.,0.,0.,0.,0.,0.
 0.04803441483,0.041676179718,0.0049181079176,0.,0.,0.,0.,0.,0.,0.
  0.0907271265, 0.04803441483, 0.01855502219,0.,0.,0.,0.,0.,0.,0.
  0.0907271265,0.,0.,0.,0.,0.,0.,0.,0.,0.
 0.01855502219,0.,0.,0.,0.,0.,0.,0.,0.,0.
0.043680133021,0.043088391051,0.0035268444358,0.,0.,0.,0.,0.,0.,0.
 0.10638540194,0.043680133021,0.0059058515445,0.,0.,0.,0.,0.,0.,0.
 0.10653386026, 0.10638540194,0.0035268444358,0.,0.,0.,0.,0.,0.,0.
 0.10653386026,0.043088391051,0.,0.,0.,0.,0.,0.,0.,0.
0.0059058515445,0.0035601672566,0.,0.,0.,0.,0.,0.,0.,0.
 0.02082993434,0.0035601672566,0.002750138954,0.,0.,0.,0.,0.,0.,0.
0.075133775329, 0.02082993434,0.,0.,0.,0.,0.,0.,0.,0.
0.075133775329,0.,0.,0.,0.,0.,0.,0.,0.,0.
0.021065297071,0.002750138954,0.,0.,0.,0.,0.,0.,0.,0.
0.021065297071,0.,0.,0.,0.,0.,0.,0.,0.,0.
 0.15490040014,0.,0.,0.,0.,0.,0.,0.,0.,0.
 0.15490040014,0.,0.,0.,0.,0.,0.,0.,0.,0.
 0.14924065285,0.,0.,0.,0.,0.,0.,0.,0.,0.
 0.14924065285,0.,0.,0.,0.,0.,0.,0.,0.,0.
             1,0.,0.,0.,0.,0.,0.,0.,0.,0.
 0.12919256805, 0.11045293336,0.,0.,0.,0.,0.,0.,0.,0.
 0.11045293336,0.015947755489,0.,0.,0.,0.,0.,0.,0.,0.
0.015947755489,0.,0.,0.,0.,0.,0.,0.,0.,0.
 0.12919256805,0.,0.,0.,0.,0.,0.,0.,0.,0.
             1,0.,0.,0.,0.,0.,0.,0.,0.,0.
             1,0.,0.,0.,0.,0.,0.,0.,0.,0.
             1,0.,0.,0.,0.,0.,0.,0.,0.,0.
0.074170393575,0.,0.,0.,0.,0.,0.,0.,0.,0.
0.074170393575,0.034987841853,0.,0.,0.,0.,0.,0.,0.,0.
0.044651769456,0.0057964876563,0.,0.,0.,0.,0.,0.,0.,0.
0.044651769456,0.,0.,0.,0.,0.,0.,0.,0.,0.
0.018476068775,0.,0.,0.,0.,0.,0.,0.,0.,0.
0.034987841853,0.018476068775,0.,0.,0.,0.,0.,0.,0.,0.
0.080951561433,0.0057964876563,0.,0.,0.,0.,0.,0.,0.,0.
0.080951561433,0.,0.,0.,0.,0.,0.,0.,0.,0.
0.080238335499,0.,0.,0.,0.,0.,0.,0.,0.,0.
0.080238335499,0.001734098125,0.00090478269474,0.00045621881623,0.00025752705245,0.,0.,0.,0.,0.
0.0081320677182,0.00045621881623,0.,0.,0.,0.,0.,0.,0.,0.
0.036914810467,0.,0.,0.,0.,0.,0.,0.,0.,0.
 0.13397502342,0.036914810467,0.,0.,0.,0.,0.,0.,0.,0.
 0.15043667389, 0.13397502342,0.019673891054,0.014190728847,0.,0.,0.,0.,0.,0.
 0.22485845722, 0.15043667389,0.00062187490226,0.,0.,0.,0.,0.,0.,0.
 0.22485845722,0.037509867203,0.0012111085581,0.,0.,0.,0.,0.,0.,0.
0.043440162827,0.037509867203,0.,0.,0.,0.,0.,0.,0.,0.
 0.16673397791,0.043440162827,0.,0.,0.,0.,0.,0.,0.,0.
 0.16673397791,0.079522982299,0.0012111085581,0.,0.,0.,0.,0.,0.,0.
0.079522982299,0.066480956306,0.,0.,0.,0.,0.,0.,0.,0.
0.066480956306,0.,0.,0.,0.,0.,0.,0.,0.,0.
0.0099570231542,0.,0.,0.,0.,0.,0.,0.,0.,0.
0.025680149389,0.018191087902,0.0099570231542,0.,0.,0.,0.,0.,0.,0.
0.018191087902,0.011451884696,0.,0.,0.,0.,0.,0.,0.,0.
0.026265234166,0.011451884696,0.,0.,0.,0.,0.,0.,0.,0.
0.026265234166,0.025680149389,0.,0.,0.,0.,0.,0.,0.,0.
             1,0.,0.,0.,0.,0.,0.,0.,0.,0.
0.055559886228,0.,0.,0.,0.,0.,0.,0.,0.,0.
0.055559886228,0.0042952393669,0.,0.,0.,0.,0.,0.,0.,0.
0.0042952393669,0.,0.,0.,0.,0.,0.,0.,0.,0.
             1,0.,0.,0.,0.,0.,0.,0.,0.,0.
0.038127806965,0.,0.,0.,0.,0.,0.,0.,0.,0.
0.038127806965,0.,0.,0.,0.,0.,0.,0.,0.,0.
0.0047225569382,0.,0.,0.,0.,0.,0.,0.,0.,0.
0.0047225569382,0.,0.,0.,0.,0.,0.,0.,0.,0.
0.073549107049,0.,0.,0.,0.,0.,0.,0.,0.,0.
 0.17131075406,0.073549107049,0.,0.,0.,0.,0.,0.,0.,0.
 0.17131075406,0.0011410559255,0.,0.,0.,0.,0.,0.,0.,0.
0.088994506754,0.0058962065596,0.0011410559255,0.,0.,0.,0.,0.,0.,0.
0.088994506754,0.027913634045,0.,0.,0.,0.,0.,0.,0.,0.
0.097275502785,0.019539116044,0.,0.,0.,0.,0.,0.,0.,0.
0.097275502785,0.012216926668,0.,0.,0.,0.,0.,0.,0.,0.
 0.01367264534,0.,0.,0.,0.,0.,0.,0.,0.,0.
 0.01367264534,0.011215724347,0.,0.,0.,0.,0.,0.,0.,0.
 0.12354633914,0.011215724347,0.,0.,0.,0.,0.,0.,0.,0.
 0.12354633914,0.046319359951,0.,0.,0.,0.,0.,0.,0.,0.
0.046319359951,0.,0.,0.,0.,0.,0.,0.,0.,0.
             1,0.,0.,0.,0.,0.,0.,0.,0.,0.
0.080845829928,0.005652780986,0.00059053629495,0.,0.,0.,0.,0.,0.,0.
0.080845829928,0.0031705607425,0.,0.,0.,0.,0.,0.,0.,0.
0.016837590507,0.0068476661043,0.0031705607425,0.,0.,0.,0.,0.,0.,0.
0.016837590507,0.005652780986,0.,0.,0.,0.,0.,0.,0.,0.
             1,0.,0.,0.,0.,0.,0.,0.,0.,0.
0.0068476661043,0.,0.,0.,0.,0.,0.,0.,0.,0.
             1,0.,0.,0.,0.,0.,0.,0.,0.,0.
             1,0.,0.,0.,0.,0.,0.,0.,0.,0.
             1,0.,0.,0.,0.,0.,0.,0.,0.,0.
             1,0.,0.,0.,0.,0.,0.,0.,0.,0.
0.052481422103,0.,0.,0.,0.,0.,0.,0.,0.,0.
0.007795453682,0.00043001924964,0.,0.,0.,0.,0.,0.,0.,0.
0.0055643202741,0.,0.,0.,0.,0.,0.,0.,0.,0.
0.0055643202741,0.,0.,0.,0.,0.,0.,0.,0.,0.
0.052481422103,0.,0.,0.,0.,0.,0.,0.,0.,0.
0.00043001924964,0.,0.,0.,0.,0.,0.,0.,0.,0.
0.007795453682,0.,0.,0.,0.,0.,0.,0.,0.,0.
             1,0.,0.,0.,0.,0.,0.,0.,0.,0.
0.0054438275432,0.,0.,0.,0.,0.,0.,0.,0.,0.
0.0054438275432,0.,0.,0.,0.,0.,0.,0.,0.,0.
             1,0.,0.,0.,0.,0.,0.,0.,0.,0.
0.052957312358,0.0011203668204,0.,0.,0.,0.,0.,0.,0.,0.
0.052957312358,0.,0.,0.,0.,0.,0.,0.,0.,0.
0.011665303565,5.2963826603e-06,0.,0.,0.,0.,0.,0.,0.,0.
0.011665303565,0.0072727353582,0.0021626261189,0.,0.,0.,0.,0.,0.,0.
  0.1376627101,0.0021626261189,0.,0.,0.,0.,0.,0.,0.,0.
  0.1376627101,0.027414640054,0.,0.,0.,0.,0.,0.,0.,0.
0.038195500636,0.027414640054,0.020571255619,0.0001006150494,0.,0.,0.,0.,0.,0.
0.044505040196,0.038195500636,0.,0.,0.,0.,0.,0.,0.,0.
0.084959959551,0.044505040196,0.020571255619,0.,0.,0.,0.,0.,0.,0.
0.084959959551, 0.05891563507,0.0001006150494,0.,0.,0.,0.,0.,0.,0.
 0.05891563507,0.0072727353582,0.,0.,0.,0.,0.,0.,0.,0.
             1,0.,0.,0.,0.,0.,0.,0.,0.,0.
             1,0.,0.,0.,0.,0.,0.,0.,0.,0.
             1,0.,0.,0.,0.,0.,0.,0.,0.,0.
0.017356447105,0.,0.,0.,0.,0.,0.,0.,0.,0.
 0.09528165985,0.017356447105,0.,0.,0.,0.,0.,0.,0.,0.
 0.09528165985,0.,0.,0.,0.,0.,0.,0.,0.,0.
 0.13752825524,0.,0.,0.,0.,0.,0.,0.,0.,0.
 0.13752825524,0.027913634045,0.0058962065596,0.0019425746389,0.,0.,0.,0.,0.,0.
0.0019425746389,0.0014498192012,0.0011203668204,0.,0.,0.,0.,0.,0.,0.
0.012216926668,0.0014498192012,0.,0.,0.,0.,0.,0.,0.,0.
7.6227962416e-05,5.2963826603e-06,0.,0.,0.,0.,0.,0.,0.,0.
 0.14354151454,7.6227962416e-05,0.,0.,0.,0.,0.,0.,0.,0.
 0.14354151454,0.099060626149, 0.03995382203,0.,0.,0.,0.,0.,0.,0.
0.099060626149,0.0084004528064,0.,0.,0.,0.,0.,0.,0.,0.
0.0084004528064,0.,0.,0.,0.,0.,0.,0.,0.,0.
 0.03995382203,0.,0.,0.,0.,0.,0.,0.,0.,0.
             1,0.,0.,0.,0.,0.,0.,0.,0.,0.
0.013413729717,0.0099174829313,0.,0.,0.,0.,0.,0.,0.,0.
0.047069530745,0.0099174829313,0.,0.,0.,0.,0.,0.,0.,0.
0.047069530745,0.004025271635,0.,0.,0.,0.,0.,0.,0.,0.
0.004025271635,0.,0.,0.,0.,0.,0.,0.,0.,0.
0.013413729717,0.,0.,0.,0.,0.,0.,0.,0.,0.
             1,0.,0.,0.,0.,0.,0.,0.,0.,0.
0.089655482641,0.,0.,0.,0.,0.,0.,0.,0.,0.
0.089655482641,0.,0.,0.,0.,0.,0.,0.,0.,0.
 0.13936945762,0.,0.,0.,0.,0.,0.,0.,0.,0.
 0.13936945762,0.,0.,0.,0.,0.,0.,0.,0.,0.
0.075611131524,0.,0.,0.,0.,0.,0.,0.,0.,0.
0.030480564525,0.,0.,0.,0.,0.,0.,0.,0.,0.
0.030480564525,0.0033624690938,0.,0.,0.,0.,0.,0.,0.,0.
0.075611131524,0.0033624690938,0.,0.,0.,0.,0.,0.,0.,0.
9.2160932745e-05,0.,0.,0.,0.,0.,0.,0.,0.,0.
0.0060436520679,9.2160932745e-05,0.,0.,0.,0.,0.,0.,0.,0.
0.0060436520679,0.,0.,0.,0.,0.,0.,0.,0.,0.
0.019539116044,0.,0.,0.,0.,0.,0.,0.,0.,0.
0.078917968438,0.,0.,0.,0.,0.,0.,0.,0.,0.
0.078917968438,0.033278447345,0.00033448689122,0.,0.,0.,0.,0.,0.,0.
0.033278447345,0.0006601311096,0.00018213944734,0.,0.,0.,0.,0.,0.,0.
0.075663149989,0.019577748964,0.00018213944734,0.,0.,0.,0.,0.,0.,0.
0.075663149989,0.,0.,0.,0.,0.,0.,0.,0.,0.
0.0099779616201,0.,0.,0.,0.,0.,0.,0.,0.,0.
0.032464511543,0.0099779616201,0.,0.,0.,0.,0.,0.,0.,0.
0.032464511543,0.,0.,0.,0.,0.,0.,0.,0.,0.
0.032065757694,0.018174291811,0.,0.,0.,0.,0.,0.,0.,0.
 0.30587750085,0.032065757694,0.,0.,0.,0.,0.,0.,0.,0.
 0.30587750085,0.0058525828253,0.,0.,0.,0.,0.,0.,0.,0.
0.060795802998,0.,0.,0.,0.,0.,0.,0.,0.,0.
0.060795802998,0.0020931381309,0.,0.,0.,0.,0.,0.,0.,0.
 0.28759129509,0.018174291811,0.016907223853,0.0058525828253,0.0020931381309,0.,0.,0.,0.,0.
 0.28759129509,0.027367261544,0.0063941955052,0.,0.,0.,0.,0.,0.,0.
0.027367261544,0.,0.,0.,0.,0.,0.,0.,0.,0.
0.016907223853,0.,0.,0.,0.,0.,0.,0.,0.,0.
             1,0.,0.,0.,0.,0.,0.,0.,0.,0.
0.030695113802,0.,0.,0.,0.,0.,0.,0.,0.,0.
0.067014910159,0.030695113802,0.,0.,0.,0.,0.,0.,0.,0.
0.067014910159,0.019379689821,0.,0.,0.,0.,0.,0.,0.,0.
0.019379689821,0.,0.,0.,0.,0.,0.,0.,0.,0.
             1,0.,0.,0.,0.,0.,0.,0.,0.,0.
0.0079761331143,0.,0.,0.,0.,0.,0.,0.,0.,0.
             1,0.,0.,0.,0.,0.,0.,0.,0.,0.
0.0028512283445,0.00026745665818,0.,0.,0.,0.,0.,0.,0.,0.
0.0079761331143,0.0028512283445,0.00047286456061,0.,0.,0.,0.,0.,0.,0.
0.041764414756,0.0071151959966,0.00047286456061,0.,0.,0.,0.,0.,0.,0.
0.041764414756,0.026001974193,0.,0.,0.,0.,0.,0.,0.,0.
0.026001974193,0.00026745665818,0.,0.,0.,0.,0.,0.,0.,0.
             1,0.,0.,0.,0.,0.,0.,0.,0.,0.
             1,0.,0.,0.,0.,0.,0.,0.,0.,0.
             1,0.,0.,0.,0.,0.,0.,0.,0.,0.
0.00013966127487,0.,0.,0.,0.,0.,0.,0.,0.,0.
0.0071151959966,0.00013966127487,0.,0.,0.,0.,0.,0.,0.,0.
             1,0.,0.,0.,0.,0.,0.,0.,0.,0.
0.001734098125,0.00038655236984,0.,0.,0.,0.,0.,0.,0.,0.
0.061951903978,0.0081320677182,0.00038655236984,0.00033448689122,0.,0.,0.,0.,0.,0.
 0.11030556484,0.061951903978,0.0006601311096,0.,0.,0.,0.,0.,0.,0.
 0.11030556484,0.019577748964,0.,0.,0.,0.,0.,0.,0.,0.
 0.18163151139,0.019673891054,0.,0.,0.,0.,0.,0.,0.,0.
 0.18163151139, 0.10570993655,0.00062187490226,0.,0.,0.,0.,0.,0.,0.
 0.10570993655,0.062072699212,0.011051729903,0.,0.,0.,0.,0.,0.,0.
0.062072699212,0.026222755649,0.0061622685158,0.,0.,0.,0.,0.,0.,0.
 0.09161133951,0.026222755649,0.0023202169893,0.,0.,0.,0.,0.,0.,0.
 0.09161133951,0.011975313211,0.0061622685158,0.,0.,0.,0.,0.,0.,0.
0.011975313211,0.0010104914849,0.,0.,0.,0.,0.,0.,0.,0.
             1,0.,0.,0.,0.,0.,0.,0.,0.,0.
             1,0.,0.,0.,0.,0.,0.,0.,0.,0.
0.065448429493,0.0010104914849,0.,0.,0.,0.,0.,0.,0.,0.
0.083784049019,0.065448429493,0.,0.,0.,0.,0.,0.,0.,0.
             1,0.,0.,0.,0.,0.,0.,0.,0.,0.
0.054150502484,0.,0.,0.,0.,0.,0.,0.,0.,0.
0.054150502484,0.0011458688288,0.,0.,0.,0.,0.,0.,0.,0.
 0.23541602144,0.0011458688288,0.00090478269474,0.,0.,0.,0.,0.,0.,0.
 0.23541602144,0.083784049019,0.035694850483,0.00025752705245,0.,0.,0.,0.,0.,0.
 0.16206859379,0.063305570824,0.035694850483,0.0081362228924,0.,0.,0.,0.,0.,0.
 0.16206859379,0.083662341294,0.,0.,0.,0.,0.,0.,0.,0.
0.083662341294,0.046112993475,0.0081362228924,0.,0.,0.,0.,0.,0.,0.
0.075064777862,0.063305570824,0.046112993475,0.,0.,0.,0.,0.,0.,0.
0.075064777862,0.007769797696,0.,0.,0.,0.,0.,0.,0.,0.
0.007769797696,0.,0.,0.,0.,0.,0.,0.,0.,0.
0.014190728847,0.0076140838635,0.0020270238829,0.0018284730654,0.,0.,0.,0.,0.,0.
0.003677618691,0.0020270238829,0.,0.,0.,0.,0.,0.,0.,0.
   0.194076203,0.0039757203638,0.,0.,0.,0.,0.,0.,0.,0.
   0.194076203,0.032207300581,0.,0.,0.,0.,0.,0.,0.,0.
0.032207300581,0.0039757203638,0.,0.,0.,0.,0.,0.,0.,0.
             1,0.,0.,0.,0.,0.,0.,0.,0.,0.
0.036898914216,0.0058253189305,0.,0.,0.,0.,0.,0.,0.,0.
0.042705289167,0.0058253189305,0.,0.,0.,0.,0.,0.,0.,0.
 0.10149246289,0.042705289167,0.036898914216,0.,0.,0.,0.,0.,0.,0.
 0.10149246289,0.,0.,0.,0.,0.,0.,0.,0.,0.
0.0025509816967,0.,0.,0.,0.,0.,0.,0.,0.,0.
             1,0.,0.,0.,0.,0.,0.,0.,0.,0.
0.022816192774,0.0060781048854,0.,0.,0.,0.,0.,0.,0.,0.
0.022816192774,0.,0.,0.,0.,0.,0.,0.,0.,0.
0.0028456181314,3.378267503e-06,0.,0.,0.,0.,0.,0.,0.,0.
0.003918032624,3.378267503e-06,0.,0.,0.,0.,0.,0.,0.,0.
0.079229033986,0.0072876632764,0.003918032624,0.,0.,0.,0.,0.,0.,0.
0.079229033986,0.,0.,0.,0.,0.,0.,0.,0.,0.
             1,0.,0.,0.,0.,0.,0.,0.,0.,0.
0.020171438774,0.00087984704834,0.,0.,0.,0.,0.,0.,0.,0.
0.00087984704834,0.,0.,0.,0.,0.,0.,0.,0.,0.
0.018816225177,0.017578724774,7.2920636503e-06,0.,0.,0.,0.,0.,0.,0.
 0.14208905502,0.057798786831,0.018816225177,0.,0.,0.,0.,0.,0.,0.
 0.14208905502,7.2920636503e-06,0.,0.,0.,0.,0.,0.,0.,0.
0.038887902807,0.017578724774,0.,0.,0.,0.,0.,0.,0.,0.
0.057798786831,0.020171438774,0.,0.,0.,0.,0.,0.,0.,0.
3.5284427507e-05,0.,0.,0.,0.,0.,0.,0.,0.,0.
0.0071860108618,0.0048266886123,0.,0.,0.,0.,0.,0.,0.,0.
0.015856966309,0.0048266886123,0.0021163692454,0.,0.,0.,0.,0.,0.,0.
0.0028118883954,0.0021163692454,3.5284427507e-05,0.,0.,0.,0.,0.,0.,0.
             1,0.,0.,0.,0.,0.,0.,0.,0.,0.
3.7085762256e-05,0.,0.,0.,0.,0.,0.,0.,0.,0.
 0.02357916273,3.7085762256e-05,0.,0.,0.,0.,0.,0.,0.,0.
 0.02357916273,0.,0.,0.,0.,0.,0.,0.,0.,0.
0.092740992237,0.,0.,0.,0.,0.,0.,0.,0.,0.
0.092740992237,0.,0.,0.,0.,0.,0.,0.,0.,0.
0.058709260072,0.,0.,0.,0.,0.,0.,0.,0.,0.
0.058709260072,0.011589033675,1.7894277576e-05,0.,0.,0.,0.,0.,0.,0.
0.011589033675,0.,0.,0.,0.,0.,0.,0.,0.,0.
0.034217895296,0.,0.,0.,0.,0.,0.,0.,0.,0.
0.034217895296,0.0060358358281,0.,0.,0.,0.,0.,0.,0.,0.
0.065338142362,0.0005500160189,1.7894277576e-05,0.,0.,0.,0.,0.,0.,0.
0.065338142362,0.,0.,0.,0.,0.,0.,0.,0.,0.
             1,0.,0.,0.,0.,0.,0.,0.,0.,0.
0.012983578107,0.0005500160189,9.1233698495e-05,0.,0.,0.,0.,0.,0.,0.
0.014628127069,0.012983578107,0.,0.,0.,0.,0.,0.,0.,0.
0.014628127069,0.014608364554,0.0059257451309,0.,0.,0.,0.,0.,0.,0.
0.014608364554,0.0031967310415,4.4805417171e-05,0.,0.,0.,0.,0.,0.,0.
0.020896605552,0.019666843234,4.4805417171e-05,0.,0.,0.,0.,0.,0.,0.
0.056079299024,0.0020241685207,0.,0.,0.,0.,0.,0.,0.,0.
0.058479032853,0.0010762624905,0.,0.,0.,0.,0.,0.,0.,0.
0.071181766133,0.058479032853,0.,0.,0.,0.,0.,0.,0.,0.
0.071181766133,0.,0.,0.,0.,0.,0.,0.,0.,0.
0.0029197707232,0.,0.,0.,0.,0.,0.,0.,0.,0.
             1,0.,0.,0.,0.,0.,0.,0.,0.,0.
0.0018214703178,0.,0.,0.,0.,0.,0.,0.,0.,0.
             1,0.,0.,0.,0.,0.,0.,0.,0.,0.
             1,0.,0.,0.,0.,0.,0.,0.,0.,0.
0.0018214703178,0.,0.,0.,0.,0.,0.,0.,0.,0.
 0.05960226335,0.,0.,0.,0.,0.,0.,0.,0.,0.
0.081883207302, 0.05960226335,0.015600723786,0.,0.,0.,0.,0.,0.,0.
0.081883207302,0.0015538396923,0.,0.,0.,0.,0.,0.,0.,0.
0.0015538396923,0.,0.,0.,0.,0.,0.,0.,0.,0.
0.015600723786,0.,0.,0.,0.,0.,0.,0.,0.,0.
0.031620679331,0.,0.,0.,0.,0.,0.,0.,0.,0.
0.031620679331,0.028049523119,0.,0.,0.,0.,0.,0.,0.,0.
0.038237410903,0.028049523119,0.00088376164894,0.,0.,0.,0.,0.,0.,0.
0.038237410903,0.017370083564,0.,0.,0.,0.,0.,0.,0.,0.
 0.14970383354,0.017370083564,0.,0.,0.,0.,0.,0.,0.,0.
 0.14970383354,  0.1105400292,0.,0.,0.,0.,0.,0.,0.,0.
  0.1105400292,0.,0.,0.,0.,0.,0.,0.,0.,0.
             1,0.,0.,0.,0.,0.,0.,0.,0.,0.
0.032568151837,0.,0.,0.,0.,0.,0.,0.,0.,0.
             1,0.,0.,0.,0.,0.,0.,0.,0.,0.
0.0067817327119,1.088541468e-05,0.,0.,0.,0.,0.,0.,0.,0.
0.068417125677,0.032568151837,0.,0.,0.,0.,0.,0.,0.,0.
0.068417125677,0.052650192291,0.,0.,0.,0.,0.,0.,0.,0.
0.0040628835973,0.00059956142395,1.088541468e-05,0.,0.,0.,0.,0.,0.,0.
0.0040628835973,0.,0.,0.,0.,0.,0.,0.,0.,0.
 0.10207602764,0.0077323818028,0.00059956142395,0.,0.,0.,0.,0.,0.,0.
 0.10207602764,0.049821326599,  0.0339420315,4.547428274e-05,0.,0.,0.,0.,0.,0.
 0.14583085781,0.049821326599,0.,0.,0.,0.,0.,0.,0.,0.
 0.14583085781,4.547428274e-05,0.,0.,0.,0.,0.,0.,0.,0.
  0.0339420315,0.,0.,0.,0.,0.,0.,0.,0.,0.
             1,0.,0.,0.,0.,0.,0.,0.,0.,0.
0.041206965176,0.,0.,0.,0.,0.,0.,0.,0.,0.
0.041206965176,0.031282667358,0.,0.,0.,0.,0.,0.,0.,0.
0.031282667358,0.,0.,0.,0.,0.,0.,0.,0.,0.
0.0056980530682,0.,0.,0.,0.,0.,0.,0.,0.,0.
             1,0.,0.,0.,0.,0.,0.,0.,0.,0.
             1,0.,0.,0.,0.,0.,0.,0.,0.,0.
0.011316097416,0.00030516060315,0.,0.,0.,0.,0.,0.,0.,0.
0.011316097416,0.0020426800312,0.,0.,0.,0.,0.,0.,0.,0.
0.078893643642,0.0094929650772,0.0068800498693,0.0020426800312,0.,0.,0.,0.,0.,0.
0.078893643642,0.042424479285,0.0099399061624,0.,0.,0.,0.,0.,0.,0.
0.042424479285,0.0094929650772,0.,0.,0.,0.,0.,0.,0.,0.
0.039018010081,0.0068800498693,0.,0.,0.,0.,0.,0.,0.,0.
0.0099399061624,0.0056980530682,0.,0.,0.,0.,0.,0.,0.,0.
0.00052677301266,0.,0.,0.,0.,0.,0.,0.,0.,0.
0.064204981419,0.026021281239,0.00052677301266,0.,0.,0.,0.,0.,0.,0.
0.026021281239,0.,0.,0.,0.,0.,0.,0.,0.,0.
 0.02264018715,0.,0.,0.,0.,0.,0.,0.,0.,0.
 0.02264018715,0.0067817327119,0.0003984297522,0.,0.,0.,0.,0.,0.,0.
 0.15527799632,0.002465643312,0.0003984297522,0.,0.,0.,0.,0.,0.,0.
 0.15527799632, 0.14656672094,0.064204981419,0.0012837386799,0.,0.,0.,0.,0.,0.
 0.14656672094,0.021486495553, 0.00309690599,0.,0.,0.,0.,0.,0.,0.
0.039018010081, 0.00309690599,0.,0.,0.,0.,0.,0.,0.,0.
             1,0.,0.,0.,0.,0.,0.,0.,0.,0.
0.059938319341,0.019493290022,0.012018347162,0.0029197707232,0.,0.,0.,0.,0.,0.
0.012018347162,0.00011551318608,0.,0.,0.,0.,0.,0.,0.,0.
0.059938319341,0.041390634095,0.00011551318608,0.,0.,0.,0.,0.,0.,0.
0.058899937723,0.041390634095,0.019493290022,0.,0.,0.,0.,0.,0.,0.
 0.15160199322,0.058899937723,0.023409504672,0.,0.,0.,0.,0.,0.,0.
 0.15160199322,0.,0.,0.,0.,0.,0.,0.,0.,0.
0.014261883439,0.0011898687875,0.,0.,0.,0.,0.,0.,0.,0.
0.023409504672,0.014261883439,0.00030516060315,0.,0.,0.,0.,0.,0.,0.
             1,0.,0.,0.,0.,0.,0.,0.,0.,0.
0.0011898687875,0.,0.,0.,0.,0.,0.,0.,0.,0.
             1,0.,0.,0.,0.,0.,0.,0.,0.,0.
0.0004178639948,0.,0.,0.,0.,0.,0.,0.,0.,0.
0.0004178639948,0.,0.,0.,0.,0.,0.,0.,0.,0.
             1,0.,0.,0.,0.,0.,0.,0.,0.,0.
             1,0.,0.,0.,0.,0.,0.,0.,0.,0.
0.008048569786,0.,0.,0.,0.,0.,0.,0.,0.,0.
0.063524942952,0.008048569786,0.,0.,0.,0.,0.,0.,0.,0.
0.067112175755,0.063524942952,0.,0.,0.,0.,0.,0.,0.,0.
 0.23670603219,0.067112175755,0.,0.,0.,0.,0.,0.,0.,0.
 0.23670603219, 0.10625100065,0.0077323818028,0.,0.,0.,0.,0.,0.,0.
 0.10625100065,0.002465643312,0.,0.,0.,0.,0.,0.,0.,0.
0.052650192291,0.00060719912557,0.,0.,0.,0.,0.,0.,0.,0.
0.022061477732,0.0012837386799,0.00060719912557,0.,0.,0.,0.,0.,0.,0.
0.044124154472,0.022061477732,0.021486495553,0.,0.,0.,0.,0.,0.,0.
0.044124154472,0.032271219536,0.020896605552,0.,0.,0.,0.,0.,0.,0.
0.081362234177,0.056079299024,0.032271219536,0.,0.,0.,0.,0.,0.,0.
0.081362234177,0.,0.,0.,0.,0.,0.,0.,0.,0.
0.063508005267,0.,0.,0.,0.,0.,0.,0.,0.,0.
0.063508005267,0.037499122546,0.,0.,0.,0.,0.,0.,0.,0.
0.037499122546,0.,0.,0.,0.,0.,0.,0.,0.,0.
0.024926298522,0.0015572359122,0.,0.,0.,0.,0.,0.,0.,0.
0.024926298522,0.0039315275013,0.,0.,0.,0.,0.,0.,0.,0.
0.0052961063745,0.00059053629495,0.,0.,0.,0.,0.,0.,0.,0.
0.021428369355,0.0052961063745,0.,0.,0.,0.,0.,0.,0.,0.
0.059459320457,0.,0.,0.,0.,0.,0.,0.,0.,0.
0.068745806407,0.059459320457,0.021428369355,0.,0.,0.,0.,0.,0.,0.
 0.16417988643,0.068745806407,0.,0.,0.,0.,0.,0.,0.,0.
 0.16417988643,0.,0.,0.,0.,0.,0.,0.,0.,0.
0.015697554435,0.00013219380918,9.1233698495e-05,0.,0.,0.,0.,0.,0.,0.
0.051347236342,0.015697554435,0.0059257451309,0.,0.,0.,0.,0.,0.,0.
0.051347236342,0.019408647344,0.0039534516884,0.0031967310415,0.,0.,0.,0.,0.,0.
0.019666843234,0.019408647344,0.017243812788,0.,0.,0.,0.,0.,0.,0.
0.0074358040953,0.,0.,0.,0.,0.,0.,0.,0.,0.
0.0010762624905,0.,0.,0.,0.,0.,0.,0.,0.,0.
0.090540363779,0.00039064052682,0.,0.,0.,0.,0.,0.,0.,0.
0.090540363779,0.037756847288,0.023737591259,0.,0.,0.,0.,0.,0.,0.
0.023737591259,0.00039064052682,0.,0.,0.,0.,0.,0.,0.,0.
0.0028061240019,0.,0.,0.,0.,0.,0.,0.,0.,0.
0.036848235829,0.023780366738,0.,0.,0.,0.,0.,0.,0.,0.
0.076668172002,0.0046134453151,0.,0.,0.,0.,0.,0.,0.,0.
0.076668172002,0.033171823976,0.015789052811,0.0015823462076,0.,0.,0.,0.,0.,0.
0.033171823976,0.0046134453151,0.0028289375667,0.,0.,0.,0.,0.,0.,0.
0.00067901648059,0.00058135816259,0.,0.,0.,0.,0.,0.,0.,0.
0.0015823462076,0.00058135816259,0.,0.,0.,0.,0.,0.,0.,0.
0.032026947879,0.023780366738,0.00067901648059,0.,0.,0.,0.,0.,0.,0.
0.036848235829,0.032026947879,0.,0.,0.,0.,0.,0.,0.,0.
0.039056656913,0.0028061240019,0.,0.,0.,0.,0.,0.,0.,0.
0.039056656913,0.,0.,0.,0.,0.,0.,0.,0.,0.
0.037756847288,0.,0.,0.,0.,0.,0.,0.,0.,0.
0.0093041784627,0.,0.,0.,0.,0.,0.,0.,0.,0.
0.0058006705154,0.,0.,0.,0.,0.,0.,0.,0.,0.
0.0058006705154,0.,0.,0.,0.,0.,0.,0.,0.,0.
0.0093041784627,0.,0.,0.,0.,0.,0.,0.,0.,0.
0.019797901225,0.,0.,0.,0.,0.,0.,0.,0.,0.
0.019797901225,0.,0.,0.,0.,0.,0.,0.,0.,0.
0.0039315275013,0.0015572359122,0.,0.,0.,0.,0.,0.,0.,0.
0.0020241685207,0.,0.,0.,0.,0.,0.,0.,0.,0.
0.066439101792,0.,0.,0.,0.,0.,0.,0.,0.,0.
 0.14558414307,0.066439101792,0.0085247573715,0.,0.,0.,0.,0.,0.,0.
 0.14558414307,0.,0.,0.,0.,0.,0.,0.,0.,0.
0.019570435173,0.0085247573715,0.,0.,0.,0.,0.,0.,0.,0.
0.019570435173,0.,0.,0.,0.,0.,0.,0.,0.,0.
0.086402008523,0.018521037696,0.,0.,0.,0.,0.,0.,0.,0.
0.030230444437,0.,0.,0.,0.,0.,0.,0.,0.,0.
0.030230444437,0.00075753800723,0.,0.,0.,0.,0.,0.,0.,0.
0.018521037696,0.00075753800723,0.,0.,0.,0.,0.,0.,0.,0.
0.086402008523,0.,0.,0.,0.,0.,0.,0.,0.,0.
0.0019915236279,0.,0.,0.,0.,0.,0.,0.,0.,0.
0.092835373002,0.0019915236279,0.,0.,0.,0.,0.,0.,0.,0.
0.092835373002,0.061751285309,0.0025509816967,0.,0.,0.,0.,0.,0.,0.
0.061751285309,0.0060358358281,0.00013219380918,0.,0.,0.,0.,0.,0.,0.
0.082757798007,0.0060781048854,0.0039534516884,0.,0.,0.,0.,0.,0.,0.
0.082757798007,0.017243812788,0.,0.,0.,0.,0.,0.,0.,0.
0.0074358040953,0.0028456181314,0.,0.,0.,0.,0.,0.,0.,0.
0.0028118883954,0.,0.,0.,0.,0.,0.,0.,0.,0.
0.0072876632764,0.,0.,0.,0.,0.,0.,0.,0.,0.
0.039989386674,0.017449894705,0.0074303236223,0.,0.,0.,0.,0.,0.,0.
 0.19209041474,0.039989386674,0.0054993805723,0.,0.,0.,0.,0.,0.,0.
 0.19209041474,  0.1222343856,0.017449894705,0.,0.,0.,0.,0.,0.,0.
  0.1222343856,0.0074303236223,0.,0.,0.,0.,0.,0.,0.,0.
 0.17995903564,0.0054993805723,0.,0.,0.,0.,0.,0.,0.,0.
 0.17995903564,0.,0.,0.,0.,0.,0.,0.,0.,0.
0.049810533792,0.013165077522,0.,0.,0.,0.,0.,0.,0.,0.
0.049810533792,0.,0.,0.,0.,0.,0.,0.,0.,0.
             1,0.,0.,0.,0.,0.,0.,0.,0.,0.
             1,0.,0.,0.,0.,0.,0.,0.,0.,0.
0.013165077522,0.,0.,0.,0.,0.,0.,0.,0.,0.
5.9496634581e-06,0.,0.,0.,0.,0.,0.,0.,0.,0.
5.9496634581e-06,0.,0.,0.,0.,0.,0.,0.,0.,0.
0.048940407598,0.,0.,0.,0.,0.,0.,0.,0.,0.
0.048940407598,0.011051729903,7.4741666234e-06,0.,0.,0.,0.,0.,0.,0.
0.048425580231,7.4741666234e-06,0.,0.,0.,0.,0.,0.,0.,0.
0.048425580231,0.0023781114396,0.,0.,0.,0.,0.,0.,0.,0.
0.020695535338,0.0023781114396,0.,0.,0.,0.,0.,0.,0.,0.
0.020695535338,8.0763927489e-06,0.,0.,0.,0.,0.,0.,0.,0.
8.0763927489e-06,0.,0.,0.,0.,0.,0.,0.,0.,0.
0.0084083504929,0.,0.,0.,0.,0.,0.,0.,0.,0.
0.0063941955052,0.00025009329911,3.2859553423e-07,0.,0.,0.,0.,0.,0.,0.
 0.15677214225,0.00025009329911,0.,0.,0.,0.,0.,0.,0.,0.
 0.15677214225,0.0084083504929,0.,0.,0.,0.,0.,0.,0.,0.
             1,0.,0.,0.,0.,0.,0.,0.,0.,0.
3.2859553423e-07,0.,0.,0.,0.,0.,0.,0.,0.,0.
             1,0.,0.,0.,0.,0.,0.,0.,0.,0.
0.014156886607,0.,0.,0.,0.,0.,0.,0.,0.,0.
0.014156886607,0.,0.,0.,0.,0.,0.,0.,0.,0.
             1,0.,0.,0.,0.,0.,0.,0.,0.,0.
0.040452805649,0.,0.,0.,0.,0.,0.,0.,0.,0.
0.091851609356,0.040452805649,0.0014180092049,0.,0.,0.,0.,0.,0.,0.
0.091851609356,0.016307026005,0.0089644541727,0.,0.,0.,0.,0.,0.,0.
 0.01322571116,0.00027414520831,0.,0.,0.,0.,0.,0.,0.,0.
0.022422902138,0.0014180092049,0.00027414520831,0.,0.,0.,0.,0.,0.,0.
0.022422902138,0.0089644541727,0.,0.,0.,0.,0.,0.,0.,0.
             1,0.,0.,0.,0.,0.,0.,0.,0.,0.
0.017112940226,0.016307026005,0.,0.,0.,0.,0.,0.,0.,0.
0.017112940226, 0.01322571116,0.,0.,0.,0.,0.,0.,0.,0.
             1,0.,0.,0.,0.,0.,0.,0.,0.,0.
0.0045214549142,0.,0.,0.,0.,0.,0.,0.,0.,0.
0.001047063094,0.,0.,0.,0.,0.,0.,0.,0.,0.
0.0045214549142,0.001047063094,0.,0.,0.,0.,0.,0.,0.,0.
0.0045824795893,0.,0.,0.,0.,0.,0.,0.,0.,0.
 0.11045925391,0.0045824795893,0.,0.,0.,0.,0.,0.,0.,0.
 0.11045925391,0.,0.,0.,0.,0.,0.,0.,0.,0.
             1,0.,0.,0.,0.,0.,0.,0.,0.,0.
             1,0.,0.,0.,0.,0.,0.,0.,0.,0.
             1,0.,0.,0.,0.,0.,0.,0.,0.,0.
0.0063182267614,0.00035032505869,0.,0.,0.,0.,0.,0.,0.,0.
0.00035032505869,0.,0.,0.,0.,0.,0.,0.,0.,0.
             1,0.,0.,0.,0.,0.,0.,0.,0.,0.
             1,0.,0.,0.,0.,0.,0.,0.,0.,0.
             1,0.,0.,0.,0.,0.,0.,0.,0.,0.
0.036530182899,0.0063182267614,0.,0.,0.,0.,0.,0.,0.,0.
0.036530182899,0.,0.,0.,0.,0.,0.,0.,0.,0.
0.079576090335,0.,0.,0.,0.,0.,0.,0.,0.,0.
0.0013769856056,0.,0.,0.,0.,0.,0.,0.,0.,0.
0.011093537594,0.,0.,0.,0.,0.,0.,0.,0.,0.
0.079576090335,0.011093537594,4.6077708781e-05,0.,0.,0.,0.,0.,0.,0.
 0.08078803886,0.,0.,0.,0.,0.,0.,0.,0.,0.
 0.08078803886,0.023951044723,0.0010686570308,0.,0.,0.,0.,0.,0.,0.
0.0010686570308,0.,0.,0.,0.,0.,0.,0.,0.,0.
 0.02883297237,0.,0.,0.,0.,0.,0.,0.,0.,0.
 0.02883297237,0.0013769856056,0.,0.,0.,0.,0.,0.,0.,0.
0.0012416113325,0.,0.,0.,0.,0.,0.,0.,0.,0.
0.023951044723,0.0095386128122,0.0012416113325,0.,0.,0.,0.,0.,0.,0.
 0.03009358758,0.014728305774,0.,0.,0.,0.,0.,0.,0.,0.
 0.12031747565,0.018613179608,0.014728305774,0.0095386128122,0.,0.,0.,0.,0.,0.
0.018613179608,0.0083225829447,0.,0.,0.,0.,0.,0.,0.,0.
 0.12431353053,0.051325509399,0.0083225829447,0.,0.,0.,0.,0.,0.,0.
0.051325509399,0.0033517606133,0.,0.,0.,0.,0.,0.,0.,0.
0.031047448744,0.0033517606133,0.0023771369365,0.,0.,0.,0.,0.,0.,0.
 0.12431353053, 0.12031747565, 0.03009358758,0.,0.,0.,0.,0.,0.,0.
0.031509212655,0.,0.,0.,0.,0.,0.,0.,0.,0.
0.081127299993,0.031509212655,0.031047448744,0.,0.,0.,0.,0.,0.,0.
0.081127299993,0.0023771369365,0.,0.,0.,0.,0.,0.,0.,0.
0.0043555024739,0.,0.,0.,0.,0.,0.,0.,0.,0.
0.0024740192521,0.,0.,0.,0.,0.,0.,0.,0.,0.
0.0024740192521,0.,0.,0.,0.,0.,0.,0.,0.,0.
0.0043555024739,0.,0.,0.,0.,0.,0.,0.,0.,0.
0.0075422838515,0.,0.,0.,0.,0.,0.,0.,0.,0.
0.0075422838515,0.,0.,0.,0.,0.,0.,0.,0.,0.
             1,0.,0.,0.,0.,0.,0.,0.,0.,0.
             1,0.,0.,0.,0.,0.,0.,0.,0.,0.
 0.01795678926,0.,0.,0.,0.,0.,0.,0.,0.,0.
 0.01795678926,0.00067276857234,0.,0.,0.,0.,0.,0.,0.,0.
0.072010218189,0.00067276857234,0.,0.,0.,0.,0.,0.,0.,0.
0.072010218189,0.,0.,0.,0.,0.,0.,0.,0.,0.
0.0015475214863,0.00038284125559,0.,0.,0.,0.,0.,0.,0.,0.
             1,0.,0.,0.,0.,0.,0.,0.,0.,0.
0.00085202530292,0.,0.,0.,0.,0.,0.,0.,0.,0.
0.0038577920278,0.0016661213347,0.00085202530292,0.,0.,0.,0.,0.,0.,0.
0.0016661213347,0.,0.,0.,0.,0.,0.,0.,0.,0.
0.055564502385,0.012124423882,0.0038577920278,0.00038284125559,0.,0.,0.,0.,0.,0.
0.023620448006,0.012124423882,0.0015475214863,0.,0.,0.,0.,0.,0.,0.
0.049696570675, 0.04618141118,0.023620448006,0.,0.,0.,0.,0.,0.,0.
0.049696570675,0.,0.,0.,0.,0.,0.,0.,0.,0.
0.012120843096,0.,0.,0.,0.,0.,0.,0.,0.,0.
0.012120843096,0.,0.,0.,0.,0.,0.,0.,0.,0.
             1,0.,0.,0.,0.,0.,0.,0.,0.,0.
             1,0.,0.,0.,0.,0.,0.,0.,0.,0.
             1,0.,0.,0.,0.,0.,0.,0.,0.,0.
0.080991692722,0.,0.,0.,0.,0.,0.,0.,0.,0.
 0.17667552582,0.080991692722, 0.04618141118,0.,0.,0.,0.,0.,0.,0.
 0.17667552582,0.017075074233,0.,0.,0.,0.,0.,0.,0.,0.
0.017075074233,0.,0.,0.,0.,0.,0.,0.,0.,0.
 0.04142587034,0.,0.,0.,0.,0.,0.,0.,0.,0.
 0.04142587034,0.004206930052,0.,0.,0.,0.,0.,0.,0.,0.
0.055564502385,0.010523096263,0.0062056860318,0.004206930052,0.,0.,0.,0.,0.,0.
 0.01631525458,0.0062056860318,0.,0.,0.,0.,0.,0.,0.,0.
0.033575120191, 0.01631525458,0.,0.,0.,0.,0.,0.,0.,0.
 0.15330790988,0.033575120191,0.010523096263,0.00022517988451,0.,0.,0.,0.,0.,0.
 0.15330790988,0.,0.,0.,0.,0.,0.,0.,0.,0.
 0.09285421609,0.,0.,0.,0.,0.,0.,0.,0.,0.
 0.09285421609,0.,0.,0.,0.,0.,0.,0.,0.,0.
             1,0.,0.,0.,0.,0.,0.,0.,0.,0.
0.00037742422937,0.00022517988451,0.,0.,0.,0.,0.,0.,0.,0.
0.015294307987,0.0077813444092,0.00037742422937,0.,0.,0.,0.,0.,0.,0.
  0.1026847545,0.,0.,0.,0.,0.,0.,0.,0.,0.
  0.1026847545,0.027189996521,0.015294307987,0.,0.,0.,0.,0.,0.,0.
 0.02942407798,0.027189996521,0.0077813444092,0.,0.,0.,0.,0.,0.,0.
 0.02942407798,0.00027112144942,0.,0.,0.,0.,0.,0.,0.,0.
0.00058069978808,0.,0.,0.,0.,0.,0.,0.,0.,0.
0.019567311428,0.00058069978808,0.,0.,0.,0.,0.,0.,0.,0.
0.019567311428,0.00027112144942,0.,0.,0.,0.,0.,0.,0.,0.
0.00097434143068,0.,0.,0.,0.,0.,0.,0.,0.,0.
0.00097434143068,0.,0.,0.,0.,0.,0.,0.,0.,0.
0.043975037173,0.,0.,0.,0.,0.,0.,0.,0.,0.
0.043975037173,0.0071825139798,0.,0.,0.,0.,0.,0.,0.,0.
0.044722785003,0.032017699121,0.0071825139798,0.001489177726,0.,0.,0.,0.,0.,0.
0.053076317547,0.044722785003,0.013686784754,0.,0.,0.,0.,0.,0.,0.
0.013686784754,0.001489177726,0.,0.,0.,0.,0.,0.,0.,0.
0.032017699121,0.,0.,0.,0.,0.,0.,0.,0.,0.
             1,0.,0.,0.,0.,0.,0.,0.,0.,0.
0.0016736841233,0.,0.,0.,0.,0.,0.,0.,0.,0.
0.0011728929955,0.,0.,0.,0.,0.,0.,0.,0.,0.
0.090651714151,0.019927891652,0.0011728929955,0.,0.,0.,0.,0.,0.,0.
0.090651714151,0.0016736841233,0.,0.,0.,0.,0.,0.,0.,0.
             1,0.,0.,0.,0.,0.,0.,0.,0.,0.
0.038224243778,0.019927891652,0.,0.,0.,0.,0.,0.,0.,0.
0.038224243778,0.00070152541244,0.,0.,0.,0.,0.,0.,0.,0.
0.0063850420923,0.00070152541244,0.,0.,0.,0.,0.,0.,0.,0.
0.072267095835,0.0063850420923,0.,0.,0.,0.,0.,0.,0.,0.
0.072267095835,0.0028439525091,0.,0.,0.,0.,0.,0.,0.,0.
 0.11965434483,0.0028439525091,0.,0.,0.,0.,0.,0.,0.,0.
 0.11965434483,0.024519909518,0.,0.,0.,0.,0.,0.,0.,0.
0.024519909518,0.,0.,0.,0.,0.,0.,0.,0.,0.
             1,0.,0.,0.,0.,0.,0.,0.,0.,0.
             1,0.,0.,0.,0.,0.,0.,0.,0.,0.
0.0018026824122,0.,0.,0.,0.,0.,0.,0.,0.,0.
0.071384037528,0.0018026824122,0.,0.,0.,0.,0.,0.,0.,0.
0.071384037528,0.0073874897532,0.,0.,0.,0.,0.,0.,0.,0.
0.015789052811,0.0073874897532,0.0028289375667,0.,0.,0.,0.,0.,0.,0.
0.020439684417,0.,0.,0.,0.,0.,0.,0.,0.,0.
             1,0.,0.,0.,0.,0.,0.,0.,0.,0.
             1,0.,0.,0.,0.,0.,0.,0.,0.,0.
0.020439684417,0.,0.,0.,0.,0.,0.,0.,0.,0.
0.0017693641291,0.,0.,0.,0.,0.,0.,0.,0.,0.
0.0047171121054,0.0017693641291,0.,0.,0.,0.,0.,0.,0.,0.
0.013718259154,0.0047171121054,0.,0.,0.,0.,0.,0.,0.,0.
0.013718259154,0.,0.,0.,0.,0.,0.,0.,0.,0.
 0.01602150355,0.,0.,0.,0.,0.,0.,0.,0.,0.
 0.01602150355,0.,0.,0.,0.,0.,0.,0.,0.,0.
0.019188473749,0.00016063341714,0.,0.,0.,0.,0.,0.,0.,0.
 0.17426878837,0.019188473749,0.,0.,0.,0.,0.,0.,0.,0.
 0.17426878837,0.0012287539138,0.,0.,0.,0.,0.,0.,0.,0.
0.0012287539138,0.,0.,0.,0.,0.,0.,0.,0.,0.
0.070870249811,0.0071442688721,0.,0.,0.,0.,0.,0.,0.,0.
0.070870249811,0.030648815165,0.,0.,0.,0.,0.,0.,0.,0.
0.030648815165,0.,0.,0.,0.,0.,0.,0.,0.,0.
             1,0.,0.,0.,0.,0.,0.,0.,0.,0.
0.0014400050414,0.,0.,0.,0.,0.,0.,0.,0.,0.
0.0014400050414,0.,0.,0.,0.,0.,0.,0.,0.,0.
0.0073038740647,0.,0.,0.,0.,0.,0.,0.,0.,0.
0.0073038740647,0.,0.,0.,0.,0.,0.,0.,0.,0.
0.0083909922701,0.006838461335,0.,0.,0.,0.,0.,0.,0.,0.
             1,0.,0.,0.,0.,0.,0.,0.,0.,0.
0.0083909922701,0.,0.,0.,0.,0.,0.,0.,0.,0.
 0.18882945107,0.0083654785467,0.006838461335,0.00078252406076,0.,0.,0.,0.,0.,0.
 0.18882945107,  0.1462263914,0.,0.,0.,0.,0.,0.,0.,0.
  0.1462263914,0.00078252406076,0.,0.,0.,0.,0.,0.,0.,0.
0.0083654785467,0.,0.,0.,0.,0.,0.,0.,0.,0.
             1,0.,0.,0.,0.,0.,0.,0.,0.,0.
0.0014822065547,0.,0.,0.,0.,0.,0.,0.,0.,0.
0.014571646035,0.0014822065547,0.,0.,0.,0.,0.,0.,0.,0.
0.014571646035,0.00016063341714,0.,0.,0.,0.,0.,0.,0.,0.
             1,0.,0.,0.,0.,0.,0.,0.,0.,0.
             1,0.,0.,0.,0.,0.,0.,0.,0.,0.
0.0071442688721,0.,0.,0.,0.,0.,0.,0.,0.,0.
0.039995789141,0.0099991967954,0.,0.,0.,0.,0.,0.,0.,0.
0.0055688273791,0.00039058656619,0.,0.,0.,0.,0.,0.,0.,0.
0.029006179872,0.0055688273791,0.00020570462753,0.,0.,0.,0.,0.,0.,0.
0.0099991967954,0.0018858010516,0.00020570462753,0.,0.,0.,0.,0.,0.,0.
             1,0.,0.,0.,0.,0.,0.,0.,0.,0.
0.039995789141,0.0018858010516,0.,0.,0.,0.,0.,0.,0.,0.
             1,0.,0.,0.,0.,0.,0.,0.,0.,0.
0.024870694011,0.00010717263391,0.,0.,0.,0.,0.,0.,0.,0.
 0.11597819958,0.024870694011,0.0072966800403,0.,0.,0.,0.,0.,0.,0.
 0.12602582335, 0.11597819958, 0.02192177323,0.,0.,0.,0.,0.,0.,0.
 0.12602582335,0.0072966800403,0.0051183613027,0.,0.,0.,0.,0.,0.,0.
0.0051183613027,0.,0.,0.,0.,0.,0.,0.,0.,0.
 0.02192177323,0.00010717263391,0.,0.,0.,0.,0.,0.,0.,0.
0.032100113082,4.8459880047e-05,0.,0.,0.,0.,0.,0.,0.,0.
0.032100113082,0.,0.,0.,0.,0.,0.,0.,0.,0.
             1,0.,0.,0.,0.,0.,0.,0.,0.,0.
4.8459880047e-05,0.,0.,0.,0.,0.,0.,0.,0.,0.
0.0012171694303,0.,0.,0.,0.,0.,0.,0.,0.,0.
0.0048202489498,0.0012171694303,0.,0.,0.,0.,0.,0.,0.,0.
0.0048202489498,0.,0.,0.,0.,0.,0.,0.,0.,0.
0.022430107108,0.,0.,0.,0.,0.,0.,0.,0.,0.
0.022430107108,0.,0.,0.,0.,0.,0.,0.,0.,0.
0.081699663323,0.0023606529518,0.,0.,0.,0.,0.,0.,0.,0.
0.081699663323,0.,0.,0.,0.,0.,0.,0.,0.,0.
             1,0.,0.,0.,0.,0.,0.,0.,0.,0.
0.0023606529518,0.,0.,0.,0.,0.,0.,0.,0.,0.
             1,0.,0.,0.,0.,0.,0.,0.,0.,0.
             1,0.,0.,0.,0.,0.,0.,0.,0.,0.
 0.05448583624,0.,0.,0.,0.,0.,0.,0.,0.,0.
 0.05448583624,0.034930330009,0.,0.,0.,0.,0.,0.,0.,0.
0.044053512299,0.034930330009,0.,0.,0.,0.,0.,0.,0.,0.
0.044053512299,0.,0.,0.,0.,0.,0.,0.,0.,0.
0.025544981102,0.,0.,0.,0.,0.,0.,0.,0.,0.
0.025544981102,0.00040238802833,0.,0.,0.,0.,0.,0.,0.,0.
 0.14891599988,0.00040238802833,0.,0.,0.,0.,0.,0.,0.,0.
 0.14891599988,0.062043957346,0.,0.,0.,0.,0.,0.,0.,0.
0.062043957346,8.6694756993e-06,0.,0.,0.,0.,0.,0.,0.,0.
0.083291561957,0.041410153104,8.6694756993e-06,0.,0.,0.,0.,0.,0.,0.
0.053076317547,0.041410153104,0.,0.,0.,0.,0.,0.,0.,0.
 0.02400262978,0.023369728437,0.,0.,0.,0.,0.,0.,0.,0.
 0.18208603728, 0.02400262978,0.,0.,0.,0.,0.,0.,0.,0.
 0.18208603728, 0.10105869512,0.,0.,0.,0.,0.,0.,0.,0.
 0.10105869512,0.062763020806,0.,0.,0.,0.,0.,0.,0.,0.
0.062763020806,0.00080423916147,0.,0.,0.,0.,0.,0.,0.,0.
 0.14338275709,0.0026080734107,0.00080423916147,0.,0.,0.,0.,0.,0.,0.
 0.14338275709,0.032484116107,0.00096112324051,0.,0.,0.,0.,0.,0.,0.
0.032484116107,0.010470395715,0.,0.,0.,0.,0.,0.,0.,0.
0.0040346707623,0.0026080734107,0.,0.,0.,0.,0.,0.,0.,0.
0.030447985477,0.019734362153,0.00096112324051,0.,0.,0.,0.,0.,0.,0.
0.034625554683,0.019734362153,0.,0.,0.,0.,0.,0.,0.,0.
0.034625554683,0.026833932128,0.0040346707623,0.,0.,0.,0.,0.,0.,0.
0.030447985477,0.,0.,0.,0.,0.,0.,0.,0.,0.
0.022364504933,0.,0.,0.,0.,0.,0.,0.,0.,0.
0.056050924713,0.022364504933,0.00039279912841,0.,0.,0.,0.,0.,0.,0.
0.056050924713,0.,0.,0.,0.,0.,0.,0.,0.,0.
0.073760681277,0.00039058656619,0.,0.,0.,0.,0.,0.,0.,0.
0.073760681277,0.00020700485299,0.,0.,0.,0.,0.,0.,0.,0.
0.029006179872,0.,0.,0.,0.,0.,0.,0.,0.,0.
 0.19891056841,0.,0.,0.,0.,0.,0.,0.,0.,0.
 0.19891056841,0.,0.,0.,0.,0.,0.,0.,0.,0.
0.0059847271918,0.00020700485299,0.,0.,0.,0.,0.,0.,0.,0.
0.0092223508058,0.0059847271918,0.00069177260081,0.,0.,0.,0.,0.,0.,0.
0.00069177260081,0.,0.,0.,0.,0.,0.,0.,0.,0.
0.0092223508058,0.,0.,0.,0.,0.,0.,0.,0.,0.
             1,0.,0.,0.,0.,0.,0.,0.,0.,0.
             1,0.,0.,0.,0.,0.,0.,0.,0.,0.
0.060242393426,0.00095856078368,0.,0.,0.,0.,0.,0.,0.,0.
0.060242393426, 0.04748145745,0.,0.,0.,0.,0.,0.,0.,0.
 0.04748145745,0.,0.,0.,0.,0.,0.,0.,0.,0.
 0.01249286118,0.003914966459,0.00095856078368,0.,0.,0.,0.,0.,0.,0.
0.088679553231,0.072423876568, 0.01249286118,0.,0.,0.,0.,0.,0.,0.
0.072423876568,0.010615034033,0.0045313380316,0.,0.,0.,0.,0.,0.,0.
0.041223757094,0.0045313380316,0.,0.,0.,0.,0.,0.,0.,0.
0.088679553231,0.003914966459,0.,0.,0.,0.,0.,0.,0.,0.
0.010615034033,0.,0.,0.,0.,0.,0.,0.,0.,0.
0.041223757094,0.,0.,0.,0.,0.,0.,0.,0.,0.
             1,0.,0.,0.,0.,0.,0.,0.,0.,0.
0.089915696535,0.00065562718312,0.,0.,0.,0.,0.,0.,0.,0.
0.017721804504,0.00065562718312,0.,0.,0.,0.,0.,0.,0.,0.
0.017721804504,0.,0.,0.,0.,0.,0.,0.,0.,0.
             1,0.,0.,0.,0.,0.,0.,0.,0.,0.
 0.17856842545,0.,0.,0.,0.,0.,0.,0.,0.,0.
 0.17856842545,0.089915696535,0.,0.,0.,0.,0.,0.,0.,0.
             1,0.,0.,0.,0.,0.,0.,0.,0.,0.
0.095185028228,0.077630375895,0.00070750449357,0.,0.,0.,0.,0.,0.,0.
0.077630375895,0.025792023073,0.,0.,0.,0.,0.,0.,0.,0.
0.025792023073,0.00070750449357,0.,0.,0.,0.,0.,0.,0.,0.
0.095185028228,0.,0.,0.,0.,0.,0.,0.,0.,0.
             1,0.,0.,0.,0.,0.,0.,0.,0.,0.
             1,0.,0.,0.,0.,0.,0.,0.,0.,0.
             1,0.,0.,0.,0.,0.,0.,0.,0.,0.
0.0050547571933,0.,0.,0.,0.,0.,0.,0.,0.,0.
0.00010660315358,0.,0.,0.,0.,0.,0.,0.,0.,0.
0.055737741164,0.00010660315358,0.,0.,0.,0.,0.,0.,0.,0.
             1,0.,0.,0.,0.,0.,0.,0.,0.,0.
             1,0.,0.,0.,0.,0.,0.,0.,0.,0.
0.055737741164,0.0050547571933,0.,0.,0.,0.,0.,0.,0.,0.
0.00027362513163,0.,0.,0.,0.,0.,0.,0.,0.,0.
0.013352414109,0.00027362513163,0.,0.,0.,0.,0.,0.,0.,0.
0.086346819429,0.013352414109,0.,0.,0.,0.,0.,0.,0.,0.
0.086346819429,0.,0.,0.,0.,0.,0.,0.,0.,0.
             1,0.,0.,0.,0.,0.,0.,0.,0.,0.
0.0030584779193,0.,0.,0.,0.,0.,0.,0.,0.,0.
0.069483464564,0.0030584779193,0.0016379261865,0.0012875368518,0.,0.,0.,0.,0.,0.
0.069483464564,0.0041755029971,0.,0.,0.,0.,0.,0.,0.,0.
0.0041755029971,0.0016379261865,0.00018844971703,0.,0.,0.,0.,0.,0.,0.
0.0012875368518,0.00018844971703,0.,0.,0.,0.,0.,0.,0.,0.
0.020514076791,0.,0.,0.,0.,0.,0.,0.,0.,0.
  0.1022857585,0.020514076791,0.014092583673,0.,0.,0.,0.,0.,0.,0.
  0.1022857585,0.020620032458,0.,0.,0.,0.,0.,0.,0.,0.
0.062398096153,0.,0.,0.,0.,0.,0.,0.,0.,0.
0.062398096153,0.022506721465,0.0043772655597,0.,0.,0.,0.,0.,0.,0.
0.022506721465,0.020620032458,0.014092583673,0.,0.,0.,0.,0.,0.,0.
0.036353054634,0.,0.,0.,0.,0.,0.,0.,0.,0.
0.036353054634,0.0043772655597,0.,0.,0.,0.,0.,0.,0.,0.
             1,0.,0.,0.,0.,0.,0.,0.,0.,0.
             1,0.,0.,0.,0.,0.,0.,0.,0.,0.
 0.13713654553,0.,0.,0.,0.,0.,0.,0.,0.,0.
 0.13713654553,0.,0.,0.,0.,0.,0.,0.,0.,0.
0.0014205562933,0.,0.,0.,0.,0.,0.,0.,0.,0.
0.0014205562933,0.,0.,0.,0.,0.,0.,0.,0.,0.
             1,0.,0.,0.,0.,0.,0.,0.,0.,0.
0.057325387746,0.,0.,0.,0.,0.,0.,0.,0.,0.
0.098758761636,0.057325387746,0.,0.,0.,0.,0.,0.,0.,0.
             1,0.,0.,0.,0.,0.,0.,0.,0.,0.
0.014804576167,0.0031524027909,0.,0.,0.,0.,0.,0.,0.,0.
0.0089337136202,0.0031524027909,0.,0.,0.,0.,0.,0.,0.,0.
0.045379353963,0.0089337136202,0.0073456312537,0.,0.,0.,0.,0.,0.,0.
0.045379353963,0.,0.,0.,0.,0.,0.,0.,0.,0.
 0.14026143517,0.,0.,0.,0.,0.,0.,0.,0.,0.
 0.14026143517,0.,0.,0.,0.,0.,0.,0.,0.,0.
0.041728599788,0.,0.,0.,0.,0.,0.,0.,0.,0.
0.041728599788,0.014277597978,0.,0.,0.,0.,0.,0.,0.,0.
0.014277597978,0.,0.,0.,0.,0.,0.,0.,0.,0.
0.048386166074,0.,0.,0.,0.,0.,0.,0.,0.,0.
 0.36064245064,0.048840040948,0.048386166074,0.,0.,0.,0.,0.,0.,0.
 0.36064245064, 0.24206716166,0.041778660883,0.0070262494333,0.,0.,0.,0.,0.,0.
 0.24206716166,0.00055274751483,0.,0.,0.,0.,0.,0.,0.,0.
 0.12470070035, 0.02848904564,0.00055274751483,0.,0.,0.,0.,0.,0.,0.
 0.02848904564,0.025494003602,0.0073456312537,0.,0.,0.,0.,0.,0.,0.
0.025494003602,0.00085267234352,0.,0.,0.,0.,0.,0.,0.,0.
  0.0154352449,0.014804576167,0.,0.,0.,0.,0.,0.,0.,0.
 0.03539679095,0.029891970476,  0.0154352449,0.,0.,0.,0.,0.,0.,0.
0.098758761636, 0.03539679095,0.,0.,0.,0.,0.,0.,0.,0.
0.024606046837,0.,0.,0.,0.,0.,0.,0.,0.,0.
0.0075846402226,0.,0.,0.,0.,0.,0.,0.,0.,0.
0.0015879667525,0.,0.,0.,0.,0.,0.,0.,0.,0.
             1,0.,0.,0.,0.,0.,0.,0.,0.,0.
0.0026691749164,0.0015879667525,0.,0.,0.,0.,0.,0.,0.,0.
             1,0.,0.,0.,0.,0.,0.,0.,0.,0.
0.019758495541,0.0026691749164,0.,0.,0.,0.,0.,0.,0.,0.
0.080515602092,0.019758495541,0.,0.,0.,0.,0.,0.,0.,0.
 0.19348871196,0.080515602092,0.,0.,0.,0.,0.,0.,0.,0.
 0.19348871196,0.012326875561,0.,0.,0.,0.,0.,0.,0.,0.
 0.02022188755,0.012326875561,0.,0.,0.,0.,0.,0.,0.,0.
 0.02022188755,0.0073384749969,0.,0.,0.,0.,0.,0.,0.,0.
 0.16869843544,0.0073384749969,0.,0.,0.,0.,0.,0.,0.,0.
 0.16869843544,0.038311067307,0.,0.,0.,0.,0.,0.,0.,0.
0.038311067307,0.,0.,0.,0.,0.,0.,0.,0.,0.
 0.10558593303,0.00039279912841,0.,0.,0.,0.,0.,0.,0.,0.
 0.10558593303,0.052777331214,0.,0.,0.,0.,0.,0.,0.,0.
0.052777331214,0.,0.,0.,0.,0.,0.,0.,0.,0.
             1,0.,0.,0.,0.,0.,0.,0.,0.,0.
             1,0.,0.,0.,0.,0.,0.,0.,0.,0.
0.020999075072,0.,0.,0.,0.,0.,0.,0.,0.,0.
0.020999075072,0.015518295803,0.,0.,0.,0.,0.,0.,0.,0.
 0.12039365688,0.091155712985,0.015518295803,8.8545597288e-05,0.,0.,0.,0.,0.,0.
0.091155712985,0.016267581443,0.,0.,0.,0.,0.,0.,0.,0.
0.010470395715,0.0023828999058,0.,0.,0.,0.,0.,0.,0.,0.
0.012813276975,0.,0.,0.,0.,0.,0.,0.,0.,0.
0.025431114902,0.012813276975,0.0043945317355,0.,0.,0.,0.,0.,0.,0.
0.058252793539,0.052229693259,0.025431114902,0.0025678791817,0.,0.,0.,0.,0.,0.
0.065323188931,0.058252793539,0.018736447497,0.,0.,0.,0.,0.,0.,0.
  0.1130376546,0.051427621173,0.018736447497,0.0059433758921,0.,0.,0.,0.,0.,0.
  0.1130376546,0.034652678694,0.,0.,0.,0.,0.,0.,0.,0.
0.034652678694,0.,0.,0.,0.,0.,0.,0.,0.,0.
 0.01919821947,0.017869838464,0.0059433758921,0.,0.,0.,0.,0.,0.,0.
0.023369728437,0.017869838464,0.017364497036,0.,0.,0.,0.,0.,0.,0.
0.051427621173, 0.01919821947,0.017364497036,0.,0.,0.,0.,0.,0.,0.
0.083291561957,0.00055307947446,0.,0.,0.,0.,0.,0.,0.,0.
0.018148121561,0.0025678791817,0.00055307947446,0.,0.,0.,0.,0.,0.,0.
0.052229693259,0.023192837758,0.018148121561,0.,0.,0.,0.,0.,0.,0.
0.023192837758,0.,0.,0.,0.,0.,0.,0.,0.,0.
             1,0.,0.,0.,0.,0.,0.,0.,0.,0.
0.0080316297966,0.,0.,0.,0.,0.,0.,0.,0.,0.
0.047694632283,0.0080316297966,0.,0.,0.,0.,0.,0.,0.,0.
0.047694632283,0.,0.,0.,0.,0.,0.,0.,0.,0.
7.6012181625e-06,0.,0.,0.,0.,0.,0.,0.,0.,0.
7.6012181625e-06,0.,0.,0.,0.,0.,0.,0.,0.,0.
             1,0.,0.,0.,0.,0.,0.,0.,0.,0.
0.022301380579,0.0075846402226,0.,0.,0.,0.,0.,0.,0.,0.
0.024606046837,0.022301380579,0.020467941634,0.,0.,0.,0.,0.,0.,0.
0.020467941634,0.,0.,0.,0.,0.,0.,0.,0.,0.
0.029891970476,0.,0.,0.,0.,0.,0.,0.,0.,0.
             1,0.,0.,0.,0.,0.,0.,0.,0.,0.
0.00085267234352,0.,0.,0.,0.,0.,0.,0.,0.,0.
0.00056145473359,0.,0.,0.,0.,0.,0.,0.,0.,0.
 0.12470070035,0.0080177921162,0.00056145473359,0.,0.,0.,0.,0.,0.,0.
 0.15591276788,0.0080177921162,0.0070262494333,0.,0.,0.,0.,0.,0.,0.
 0.22463135114, 0.15591276788,0.048840040948,0.041778660883,0.,0.,0.,0.,0.,0.
 0.22463135114,0.018986307277,0.,0.,0.,0.,0.,0.,0.,0.
 0.10866935141,0.018986307277,0.,0.,0.,0.,0.,0.,0.,0.
 0.10866935141,0.063009913724,0.,0.,0.,0.,0.,0.,0.,0.
 0.21624895114,0.063009913724,0.,0.,0.,0.,0.,0.,0.,0.
 0.21624895114,0.,0.,0.,0.,0.,0.,0.,0.,0.
0.082156130133,0.00046415981496,0.,0.,0.,0.,0.,0.,0.,0.
0.082156130133,0.0022578374367,0.,0.,0.,0.,0.,0.,0.,0.
0.0015022244019,0.00046415981496,0.,0.,0.,0.,0.,0.,0.,0.
0.065323188931,0.0036415196258,0.,0.,0.,0.,0.,0.,0.,0.
             1,0.,0.,0.,0.,0.,0.,0.,0.,0.
0.0043945317355,0.0036415196258,0.,0.,0.,0.,0.,0.,0.,0.
0.018645052867,0.0078761774458,0.,0.,0.,0.,0.,0.,0.,0.
0.018645052867,0.0023828999058,0.,0.,0.,0.,0.,0.,0.,0.
0.030050154139,0.016267581443,8.8545597288e-05,0.,0.,0.,0.,0.,0.,0.
 0.12039365688,0.030050154139,0.025674527808,0.,0.,0.,0.,0.,0.,0.
 0.16277116276,0.025674527808,0.,0.,0.,0.,0.,0.,0.,0.
 0.16277116276,0.,0.,0.,0.,0.,0.,0.,0.,0.
0.026833932128,0.,0.,0.,0.,0.,0.,0.,0.,0.
 0.17146755523,0.033875022804,0.,0.,0.,0.,0.,0.,0.,0.
 0.17146755523,0.027003148474,0.,0.,0.,0.,0.,0.,0.,0.
0.033875022804,0.027003148474,0.,0.,0.,0.,0.,0.,0.,0.
0.0078761774458,0.,0.,0.,0.,0.,0.,0.,0.,0.
0.026481296953,0.,0.,0.,0.,0.,0.,0.,0.,0.
0.026481296953,0.,0.,0.,0.,0.,0.,0.,0.,0.
             1,0.,0.,0.,0.,0.,0.,0.,0.,0.
0.016035787456,0.0015022244019,0.,0.,0.,0.,0.,0.,0.,0.
 0.10641757844,0.016035787456,0.0022578374367,0.,0.,0.,0.,0.,0.,0.
 0.10641757844,0.00050920139867,0.,0.,0.,0.,0.,0.,0.,0.
0.00050920139867,0.,0.,0.,0.,0.,0.,0.,0.,0.
