"num_R","IntR0","IntR1","IntR2","IntR3","IntR4","IntR5","IntR6","IntR7","IntR8","IntR9"
1,1,0,0,0,0,0,0,0,0,0
2,2,0,0,0,0,0,0,0,0,0
2,1,3,0,0,0,0,0,0,0,0
1,2,0,0,0,0,0,0,0,0,0
1,5,0,0,0,0,0,0,0,0,0
2,4,6,0,0,0,0,0,0,0,0
1,5,0,0,0,0,0,0,0,0,0
2,8,10,0,0,0,0,0,0,0,0
1,7,0,0,0,0,0,0,0,0,0
0,0,0,0,0,0,0,0,0,0,0
2,7,11,0,0,0,0,0,0,0,0
1,10,0,0,0,0,0,0,0,0,0
1,13,0,0,0,0,0,0,0,0,0
1,12,0,0,0,0,0,0,0,0,0
1,15,0,0,0,0,0,0,0,0,0
3,18,14,16,0,0,0,0,0,0,0
4,17,18,218,15,0,0,0,0,0,0
3,16,218,18,0,0,0,0,0,0,0
3,15,17,16,0,0,0,0,0,0,0
0,0,0,0,0,0,0,0,0,0,0
0,0,0,0,0,0,0,0,0,0,0
2,22,485,0,0,0,0,0,0,0,0
2,21,24,0,0,0,0,0,0,0,0
0,0,0,0,0,0,0,0,0,0,0
1,22,0,0,0,0,0,0,0,0,0
0,0,0,0,0,0,0,0,0,0,0
0,0,0,0,0,0,0,0,0,0,0
1,28,0,0,0,0,0,0,0,0,0
2,27,29,0,0,0,0,0,0,0,0
2,28,30,0,0,0,0,0,0,0,0
2,31,29,0,0,0,0,0,0,0,0
1,30,0,0,0,0,0,0,0,0,0
1,43,0,0,0,0,0,0,0,0,0
0,0,0,0,0,0,0,0,0,0,0
1,41,0,0,0,0,0,0,0,0,0
0,0,0,0,0,0,0,0,0,0,0
1,39,0,0,0,0,0,0,0,0,0
0,0,0,0,0,0,0,0,0,0,0
2,39,290,0,0,0,0,0,0,0,0
2,36,38,0,0,0,0,0,0,0,0
0,0,0,0,0,0,0,0,0,0,0
1,34,0,0,0,0,0,0,0,0,0
2,43,286,0,0,0,0,0,0,0,0
2,32,42,0,0,0,0,0,0,0,0
2,45,284,0,0,0,0,0,0,0,0
2,46,44,0,0,0,0,0,0,0,0
2,45,47,0,0,0,0,0,0,0,0
1,46,0,0,0,0,0,0,0,0,0
1,49,0,0,0,0,0,0,0,0,0
1,48,0,0,0,0,0,0,0,0,0
1,51,0,0,0,0,0,0,0,0,0
1,50,0,0,0,0,0,0,0,0,0
2,56,53,0,0,0,0,0,0,0,0
3,56,54,52,0,0,0,0,0,0,0
2,53,55,0,0,0,0,0,0,0,0
1,54,0,0,0,0,0,0,0,0,0
2,53,52,0,0,0,0,0,0,0,0
2,59,58,0,0,0,0,0,0,0,0
1,57,0,0,0,0,0,0,0,0,0
3,60,57,78,0,0,0,0,0,0,0
2,59,61,0,0,0,0,0,0,0,0
1,60,0,0,0,0,0,0,0,0,0
0,0,0,0,0,0,0,0,0,0,0
0,0,0,0,0,0,0,0,0,0,0
2,65,69,0,0,0,0,0,0,0,0
3,64,67,68,0,0,0,0,0,0,0
1,69,0,0,0,0,0,0,0,0,0
2,68,65,0,0,0,0,0,0,0,0
3,67,69,65,0,0,0,0,0,0,0
3,68,66,64,0,0,0,0,0,0,0
1,71,0,0,0,0,0,0,0,0,0
3,72,70,155,0,0,0,0,0,0,0
1,71,0,0,0,0,0,0,0,0,0
1,74,0,0,0,0,0,0,0,0,0
2,75,73,0,0,0,0,0,0,0,0
1,74,0,0,0,0,0,0,0,0,0
1,77,0,0,0,0,0,0,0,0,0
2,78,76,0,0,0,0,0,0,0,0
3,77,82,59,0,0,0,0,0,0,0
2,82,81,0,0,0,0,0,0,0,0
0,0,0,0,0,0,0,0,0,0,0
2,79,82,0,0,0,0,0,0,0,0
3,79,78,81,0,0,0,0,0,0,0
0,0,0,0,0,0,0,0,0,0,0
0,0,0,0,0,0,0,0,0,0,0
0,0,0,0,0,0,0,0,0,0,0
1,87,0,0,0,0,0,0,0,0,0
1,86,0,0,0,0,0,0,0,0,0
1,89,0,0,0,0,0,0,0,0,0
3,88,90,113,0,0,0,0,0,0,0
2,89,91,0,0,0,0,0,0,0,0
1,90,0,0,0,0,0,0,0,0,0
1,93,0,0,0,0,0,0,0,0,0
2,92,244,0,0,0,0,0,0,0,0
1,95,0,0,0,0,0,0,0,0,0
3,94,245,96,0,0,0,0,0,0,0
3,269,95,246,0,0,0,0,0,0,0
1,247,0,0,0,0,0,0,0,0,0
1,99,0,0,0,0,0,0,0,0,0
5,98,249,100,272,250,0,0,0,0,0
3,101,99,250,0,0,0,0,0,0,0
2,100,102,0,0,0,0,0,0,0,0
2,103,101,0,0,0,0,0,0,0,0
2,104,102,0,0,0,0,0,0,0,0
2,103,105,0,0,0,0,0,0,0,0
2,104,106,0,0,0,0,0,0,0,0
1,105,0,0,0,0,0,0,0,0,0
1,108,0,0,0,0,0,0,0,0,0
1,107,0,0,0,0,0,0,0,0,0
2,110,112,0,0,0,0,0,0,0,0
3,109,113,111,0,0,0,0,0,0,0
1,110,0,0,0,0,0,0,0,0,0
1,109,0,0,0,0,0,0,0,0,0
2,110,89,0,0,0,0,0,0,0,0
0,0,0,0,0,0,0,0,0,0,0
0,0,0,0,0,0,0,0,0,0,0
0,0,0,0,0,0,0,0,0,0,0
1,120,0,0,0,0,0,0,0,0,0
1,119,0,0,0,0,0,0,0,0,0
3,118,120,122,0,0,0,0,0,0,0
3,117,119,121,0,0,0,0,0,0,0
1,120,0,0,0,0,0,0,0,0,0
2,123,119,0,0,0,0,0,0,0,0
1,122,0,0,0,0,0,0,0,0,0
0,0,0,0,0,0,0,0,0,0,0
1,126,0,0,0,0,0,0,0,0,0
2,127,125,0,0,0,0,0,0,0,0
2,126,128,0,0,0,0,0,0,0,0
2,127,129,0,0,0,0,0,0,0,0
1,128,0,0,0,0,0,0,0,0,0
1,131,0,0,0,0,0,0,0,0,0
2,130,132,0,0,0,0,0,0,0,0
1,131,0,0,0,0,0,0,0,0,0
0,0,0,0,0,0,0,0,0,0,0
0,0,0,0,0,0,0,0,0,0,0
3,182,208,136,0,0,0,0,0,0,0
2,135,209,0,0,0,0,0,0,0,0
1,210,0,0,0,0,0,0,0,0,0
2,139,185,0,0,0,0,0,0,0,0
2,140,138,0,0,0,0,0,0,0,0
2,141,139,0,0,0,0,0,0,0,0
2,140,144,0,0,0,0,0,0,0,0
1,167,0,0,0,0,0,0,0,0,0
2,144,415,0,0,0,0,0,0,0,0
3,143,145,141,0,0,0,0,0,0,0
3,144,184,146,0,0,0,0,0,0,0
1,145,0,0,0,0,0,0,0,0,0
0,0,0,0,0,0,0,0,0,0,0
0,0,0,0,0,0,0,0,0,0,0
2,150,163,0,0,0,0,0,0,0,0
3,151,149,153,0,0,0,0,0,0,0
2,150,152,0,0,0,0,0,0,0,0
1,151,0,0,0,0,0,0,0,0,0
2,156,150,0,0,0,0,0,0,0,0
0,0,0,0,0,0,0,0,0,0,0
1,71,0,0,0,0,0,0,0,0,0
2,153,161,0,0,0,0,0,0,0,0
1,158,0,0,0,0,0,0,0,0,0
2,157,159,0,0,0,0,0,0,0,0
1,158,0,0,0,0,0,0,0,0,0
1,161,0,0,0,0,0,0,0,0,0
3,160,162,156,0,0,0,0,0,0,0
3,161,181,163,0,0,0,0,0,0,0
4,164,162,182,149,0,0,0,0,0,0
2,163,183,0,0,0,0,0,0,0,0
0,0,0,0,0,0,0,0,0,0,0
2,185,167,0,0,0,0,0,0,0,0
4,168,142,166,186,0,0,0,0,0,0
2,167,169,0,0,0,0,0,0,0,0
1,168,0,0,0,0,0,0,0,0,0
1,173,0,0,0,0,0,0,0,0,0
1,172,0,0,0,0,0,0,0,0,0
2,171,173,0,0,0,0,0,0,0,0
2,170,172,0,0,0,0,0,0,0,0
2,176,175,0,0,0,0,0,0,0,0
2,174,176,0,0,0,0,0,0,0,0
3,174,175,177,0,0,0,0,0,0,0
2,178,176,0,0,0,0,0,0,0,0
2,179,177,0,0,0,0,0,0,0,0
2,178,180,0,0,0,0,0,0,0,0
2,179,181,0,0,0,0,0,0,0,0
2,180,162,0,0,0,0,0,0,0,0
2,163,135,0,0,0,0,0,0,0,0
2,164,184,0,0,0,0,0,0,0,0
3,145,185,183,0,0,0,0,0,0,0
4,186,166,184,138,0,0,0,0,0,0
4,185,187,188,167,0,0,0,0,0,0
2,188,186,0,0,0,0,0,0,0,0
3,187,189,186,0,0,0,0,0,0,0
1,188,0,0,0,0,0,0,0,0,0
0,0,0,0,0,0,0,0,0,0,0
2,195,192,0,0,0,0,0,0,0,0
3,193,191,195,0,0,0,0,0,0,0
2,192,194,0,0,0,0,0,0,0,0
1,193,0,0,0,0,0,0,0,0,0
4,586,191,192,500,0,0,0,0,0,0
1,199,0,0,0,0,0,0,0,0,0
3,198,1138,199,0,0,0,0,0,0,0
4,197,199,1134,1137,0,0,0,0,0,0
3,198,197,196,0,0,0,0,0,0,0
1,204,0,0,0,0,0,0,0,0,0
1,202,0,0,0,0,0,0,0,0,0
1,201,0,0,0,0,0,0,0,0,0
0,0,0,0,0,0,0,0,0,0,0
2,200,205,0,0,0,0,0,0,0,0
1,204,0,0,0,0,0,0,0,0,0
0,0,0,0,0,0,0,0,0,0,0
0,0,0,0,0,0,0,0,0,0,0
2,135,209,0,0,0,0,0,0,0,0
3,210,208,136,0,0,0,0,0,0,0
4,137,209,246,211,0,0,0,0,0,0
1,210,0,0,0,0,0,0,0,0,0
2,213,248,0,0,0,0,0,0,0,0
1,212,0,0,0,0,0,0,0,0,0
0,0,0,0,0,0,0,0,0,0,0
0,0,0,0,0,0,0,0,0,0,0
0,0,0,0,0,0,0,0,0,0,0
1,222,0,0,0,0,0,0,0,0,0
2,17,16,0,0,0,0,0,0,0,0
1,220,0,0,0,0,0,0,0,0,0
1,219,0,0,0,0,0,0,0,0,0
0,0,0,0,0,0,0,0,0,0,0
3,223,217,225,0,0,0,0,0,0,0
2,222,224,0,0,0,0,0,0,0,0
1,223,0,0,0,0,0,0,0,0,0
1,222,0,0,0,0,0,0,0,0,0
1,227,0,0,0,0,0,0,0,0,0
2,228,226,0,0,0,0,0,0,0,0
2,227,229,0,0,0,0,0,0,0,0
2,230,228,0,0,0,0,0,0,0,0
2,229,233,0,0,0,0,0,0,0,0
0,0,0,0,0,0,0,0,0,0,0
1,233,0,0,0,0,0,0,0,0,0
2,232,230,0,0,0,0,0,0,0,0
1,237,0,0,0,0,0,0,0,0,0
1,236,0,0,0,0,0,0,0,0,0
1,235,0,0,0,0,0,0,0,0,0
1,234,0,0,0,0,0,0,0,0,0
1,1176,0,0,0,0,0,0,0,0,0
0,0,0,0,0,0,0,0,0,0,0
0,0,0,0,0,0,0,0,0,0,0
1,242,0,0,0,0,0,0,0,0,0
1,241,0,0,0,0,0,0,0,0,0
0,0,0,0,0,0,0,0,0,0,0
1,93,0,0,0,0,0,0,0,0,0
2,95,246,0,0,0,0,0,0,0,0
4,247,210,96,245,0,0,0,0,0,0
3,248,246,97,0,0,0,0,0,0,0
2,247,212,0,0,0,0,0,0,0,0
2,250,99,0,0,0,0,0,0,0,0
5,249,251,100,252,99,0,0,0,0,0
3,250,252,482,0,0,0,0,0,0,0
3,251,253,250,0,0,0,0,0,0,0
3,252,254,485,0,0,0,0,0,0,0
3,253,486,257,0,0,0,0,0,0,0
1,256,0,0,0,0,0,0,0,0,0
2,257,255,0,0,0,0,0,0,0,0
2,256,254,0,0,0,0,0,0,0,0
1,259,0,0,0,0,0,0,0,0,0
3,260,264,258,0,0,0,0,0,0,0
1,259,0,0,0,0,0,0,0,0,0
1,262,0,0,0,0,0,0,0,0,0
1,261,0,0,0,0,0,0,0,0,0
0,0,0,0,0,0,0,0,0,0,0
1,259,0,0,0,0,0,0,0,0,0
3,266,268,267,0,0,0,0,0,0,0
3,265,267,270,0,0,0,0,0,0,0
3,266,268,265,0,0,0,0,0,0,0
3,267,265,269,0,0,0,0,0,0,0
4,270,96,268,271,0,0,0,0,0,0
3,269,271,266,0,0,0,0,0,0,0
2,270,269,0,0,0,0,0,0,0,0
1,99,0,0,0,0,0,0,0,0,0
0,0,0,0,0,0,0,0,0,0,0
3,276,275,277,0,0,0,0,0,0,0
1,274,0,0,0,0,0,0,0,0,0
2,277,274,0,0,0,0,0,0,0,0
2,276,274,0,0,0,0,0,0,0,0
2,279,280,0,0,0,0,0,0,0,0
2,280,278,0,0,0,0,0,0,0,0
3,281,279,278,0,0,0,0,0,0,0
1,280,0,0,0,0,0,0,0,0,0
1,462,0,0,0,0,0,0,0,0,0
1,463,0,0,0,0,0,0,0,0,0
1,44,0,0,0,0,0,0,0,0,0
2,465,286,0,0,0,0,0,0,0,0
2,42,285,0,0,0,0,0,0,0,0
2,288,467,0,0,0,0,0,0,0,0
3,287,289,469,0,0,0,0,0,0,0
1,288,0,0,0,0,0,0,0,0,0
1,38,0,0,0,0,0,0,0,0,0
2,292,293,0,0,0,0,0,0,0,0
1,291,0,0,0,0,0,0,0,0,0
1,291,0,0,0,0,0,0,0,0,0
2,295,297,0,0,0,0,0,0,0,0
1,294,0,0,0,0,0,0,0,0,0
1,299,0,0,0,0,0,0,0,0,0
2,294,298,0,0,0,0,0,0,0,0
1,297,0,0,0,0,0,0,0,0,0
2,296,300,0,0,0,0,0,0,0,0
1,299,0,0,0,0,0,0,0,0,0
1,426,0,0,0,0,0,0,0,0,0
0,0,0,0,0,0,0,0,0,0,0
0,0,0,0,0,0,0,0,0,0,0
1,305,0,0,0,0,0,0,0,0,0
1,304,0,0,0,0,0,0,0,0,0
0,0,0,0,0,0,0,0,0,0,0
1,308,0,0,0,0,0,0,0,0,0
1,307,0,0,0,0,0,0,0,0,0
0,0,0,0,0,0,0,0,0,0,0
0,0,0,0,0,0,0,0,0,0,0
1,312,0,0,0,0,0,0,0,0,0
2,316,311,0,0,0,0,0,0,0,0
2,314,315,0,0,0,0,0,0,0,0
4,315,313,350,349,0,0,0,0,0,0
2,314,313,0,0,0,0,0,0,0,0
1,312,0,0,0,0,0,0,0,0,0
2,404,318,0,0,0,0,0,0,0,0
4,319,422,405,317,0,0,0,0,0,0
3,318,423,320,0,0,0,0,0,0,0
4,321,424,407,319,0,0,0,0,0,0
2,320,449,0,0,0,0,0,0,0,0
1,323,0,0,0,0,0,0,0,0,0
1,322,0,0,0,0,0,0,0,0,0
1,327,0,0,0,0,0,0,0,0,0
1,383,0,0,0,0,0,0,0,0,0
0,0,0,0,0,0,0,0,0,0,0
1,324,0,0,0,0,0,0,0,0,0
1,329,0,0,0,0,0,0,0,0,0
2,328,332,0,0,0,0,0,0,0,0
0,0,0,0,0,0,0,0,0,0,0
1,332,0,0,0,0,0,0,0,0,0
2,331,329,0,0,0,0,0,0,0,0
2,337,336,0,0,0,0,0,0,0,0
2,335,337,0,0,0,0,0,0,0,0
1,334,0,0,0,0,0,0,0,0,0
2,337,333,0,0,0,0,0,0,0,0
3,336,333,334,0,0,0,0,0,0,0
1,342,0,0,0,0,0,0,0,0,0
1,340,0,0,0,0,0,0,0,0,0
1,339,0,0,0,0,0,0,0,0,0
1,342,0,0,0,0,0,0,0,0,0
2,341,338,0,0,0,0,0,0,0,0
0,0,0,0,0,0,0,0,0,0,0
0,0,0,0,0,0,0,0,0,0,0
1,346,0,0,0,0,0,0,0,0,0
4,345,347,348,349,0,0,0,0,0,0
1,346,0,0,0,0,0,0,0,0,0
2,349,346,0,0,0,0,0,0,0,0
3,348,314,346,0,0,0,0,0,0,0
2,314,404,0,0,0,0,0,0,0,0
1,352,0,0,0,0,0,0,0,0,0
4,353,356,351,354,0,0,0,0,0,0
2,352,354,0,0,0,0,0,0,0,0
3,355,353,352,0,0,0,0,0,0,0
2,354,356,0,0,0,0,0,0,0,0
3,355,352,357,0,0,0,0,0,0,0
1,356,0,0,0,0,0,0,0,0,0
1,359,0,0,0,0,0,0,0,0,0
1,358,0,0,0,0,0,0,0,0,0
0,0,0,0,0,0,0,0,0,0,0
0,0,0,0,0,0,0,0,0,0,0
1,363,0,0,0,0,0,0,0,0,0
2,364,362,0,0,0,0,0,0,0,0
1,363,0,0,0,0,0,0,0,0,0
1,366,0,0,0,0,0,0,0,0,0
2,367,365,0,0,0,0,0,0,0,0
1,366,0,0,0,0,0,0,0,0,0
1,369,0,0,0,0,0,0,0,0,0
1,368,0,0,0,0,0,0,0,0,0
0,0,0,0,0,0,0,0,0,0,0
0,0,0,0,0,0,0,0,0,0,0
0,0,0,0,0,0,0,0,0,0,0
1,374,0,0,0,0,0,0,0,0,0
2,373,379,0,0,0,0,0,0,0,0
1,376,0,0,0,0,0,0,0,0,0
2,377,375,0,0,0,0,0,0,0,0
1,376,0,0,0,0,0,0,0,0,0
1,379,0,0,0,0,0,0,0,0,0
3,378,405,374,0,0,0,0,0,0,0
1,381,0,0,0,0,0,0,0,0,0
1,380,0,0,0,0,0,0,0,0,0
2,383,408,0,0,0,0,0,0,0,0
3,384,382,325,0,0,0,0,0,0,0
2,385,383,0,0,0,0,0,0,0,0
2,384,386,0,0,0,0,0,0,0,0
1,385,0,0,0,0,0,0,0,0,0
0,0,0,0,0,0,0,0,0,0,0
1,389,0,0,0,0,0,0,0,0,0
2,388,390,0,0,0,0,0,0,0,0
1,389,0,0,0,0,0,0,0,0,0
1,395,0,0,0,0,0,0,0,0,0
1,393,0,0,0,0,0,0,0,0,0
2,394,392,0,0,0,0,0,0,0,0
1,393,0,0,0,0,0,0,0,0,0
1,391,0,0,0,0,0,0,0,0,0
0,0,0,0,0,0,0,0,0,0,0
1,402,0,0,0,0,0,0,0,0,0
2,403,399,0,0,0,0,0,0,0,0
2,400,398,0,0,0,0,0,0,0,0
1,399,0,0,0,0,0,0,0,0,0
0,0,0,0,0,0,0,0,0,0,0
1,397,0,0,0,0,0,0,0,0,0
1,398,0,0,0,0,0,0,0,0,0
2,350,317,0,0,0,0,0,0,0,0
2,379,318,0,0,0,0,0,0,0,0
1,407,0,0,0,0,0,0,0,0,0
3,408,406,320,0,0,0,0,0,0,0
3,409,407,382,0,0,0,0,0,0,0
3,408,410,411,0,0,0,0,0,0,0
2,411,409,0,0,0,0,0,0,0,0
3,410,409,412,0,0,0,0,0,0,0
2,413,411,0,0,0,0,0,0,0,0
2,414,412,0,0,0,0,0,0,0,0
1,413,0,0,0,0,0,0,0,0,0
2,416,143,0,0,0,0,0,0,0,0
2,415,417,0,0,0,0,0,0,0,0
2,418,416,0,0,0,0,0,0,0,0
2,417,419,0,0,0,0,0,0,0,0
4,420,418,452,455,0,0,0,0,0,0
2,419,454,0,0,0,0,0,0,0,0
2,422,462,0,0,0,0,0,0,0,0
3,421,423,318,0,0,0,0,0,0,0
3,424,422,319,0,0,0,0,0,0,0
4,423,320,465,425,0,0,0,0,0,0
1,424,0,0,0,0,0,0,0,0,0
2,427,301,0,0,0,0,0,0,0,0
3,428,467,426,0,0,0,0,0,0,0
2,427,441,0,0,0,0,0,0,0,0
1,430,0,0,0,0,0,0,0,0,0
2,439,429,0,0,0,0,0,0,0,0
1,432,0,0,0,0,0,0,0,0,0
4,433,431,434,435,0,0,0,0,0,0
2,434,432,0,0,0,0,0,0,0,0
3,433,432,435,0,0,0,0,0,0,0
2,432,434,0,0,0,0,0,0,0,0
1,437,0,0,0,0,0,0,0,0,0
1,436,0,0,0,0,0,0,0,0,0
0,0,0,0,0,0,0,0,0,0,0
2,440,430,0,0,0,0,0,0,0,0
1,439,0,0,0,0,0,0,0,0,0
2,442,428,0,0,0,0,0,0,0,0
3,441,443,445,0,0,0,0,0,0,0
2,442,444,0,0,0,0,0,0,0,0
2,443,445,0,0,0,0,0,0,0,0
2,442,444,0,0,0,0,0,0,0,0
1,447,0,0,0,0,0,0,0,0,0
1,446,0,0,0,0,0,0,0,0,0
0,0,0,0,0,0,0,0,0,0,0
1,321,0,0,0,0,0,0,0,0,0
1,451,0,0,0,0,0,0,0,0,0
3,452,453,450,0,0,0,0,0,0,0
2,451,419,0,0,0,0,0,0,0,0
3,454,451,462,0,0,0,0,0,0,0
2,453,420,0,0,0,0,0,0,0,0
2,458,419,0,0,0,0,0,0,0,0
1,457,0,0,0,0,0,0,0,0,0
1,456,0,0,0,0,0,0,0,0,0
1,455,0,0,0,0,0,0,0,0,0
0,0,0,0,0,0,0,0,0,0,0
0,0,0,0,0,0,0,0,0,0,0
1,462,0,0,0,0,0,0,0,0,0
5,461,463,282,421,453,0,0,0,0,0
3,462,283,464,0,0,0,0,0,0,0
2,465,463,0,0,0,0,0,0,0,0
3,464,285,424,0,0,0,0,0,0,0
1,467,0,0,0,0,0,0,0,0,0
4,427,466,468,287,0,0,0,0,0,0
2,469,467,0,0,0,0,0,0,0,0
2,468,288,0,0,0,0,0,0,0,0
0,0,0,0,0,0,0,0,0,0,0
1,472,0,0,0,0,0,0,0,0,0
2,471,474,0,0,0,0,0,0,0,0
0,0,0,0,0,0,0,0,0,0,0
1,472,0,0,0,0,0,0,0,0,0
1,476,0,0,0,0,0,0,0,0,0
1,475,0,0,0,0,0,0,0,0,0
0,0,0,0,0,0,0,0,0,0,0
3,483,479,484,0,0,0,0,0,0,0
2,480,478,0,0,0,0,0,0,0,0
2,479,481,0,0,0,0,0,0,0,0
1,480,0,0,0,0,0,0,0,0,0
1,251,0,0,0,0,0,0,0,0,0
1,478,0,0,0,0,0,0,0,0,0
2,485,478,0,0,0,0,0,0,0,0
4,484,253,21,486,0,0,0,0,0,0
3,254,487,485,0,0,0,0,0,0,0
2,486,488,0,0,0,0,0,0,0,0
2,489,487,0,0,0,0,0,0,0,0
1,488,0,0,0,0,0,0,0,0,0
1,494,0,0,0,0,0,0,0,0,0
1,492,0,0,0,0,0,0,0,0,0
2,491,493,0,0,0,0,0,0,0,0
2,492,496,0,0,0,0,0,0,0,0
2,495,490,0,0,0,0,0,0,0,0
2,494,496,0,0,0,0,0,0,0,0
2,495,493,0,0,0,0,0,0,0,0
0,0,0,0,0,0,0,0,0,0,0
0,0,0,0,0,0,0,0,0,0,0
2,500,502,0,0,0,0,0,0,0,0
4,499,501,503,195,0,0,0,0,0,0
2,500,506,0,0,0,0,0,0,0,0
2,499,503,0,0,0,0,0,0,0,0
3,504,500,502,0,0,0,0,0,0,0
2,505,503,0,0,0,0,0,0,0,0
2,506,504,0,0,0,0,0,0,0,0
3,505,501,507,0,0,0,0,0,0,0
3,508,506,512,0,0,0,0,0,0,0
1,507,0,0,0,0,0,0,0,0,0
2,510,512,0,0,0,0,0,0,0,0
3,509,513,574,0,0,0,0,0,0,0
3,514,512,515,0,0,0,0,0,0,0
4,509,513,507,511,0,0,0,0,0,0
4,514,512,510,516,0,0,0,0,0,0
4,550,513,515,511,0,0,0,0,0,0
2,514,511,0,0,0,0,0,0,0,0
2,517,513,0,0,0,0,0,0,0,0
3,516,518,550,0,0,0,0,0,0,0
4,519,520,517,523,0,0,0,0,0,0
1,518,0,0,0,0,0,0,0,0,0
1,518,0,0,0,0,0,0,0,0,0
0,0,0,0,0,0,0,0,0,0,0
0,0,0,0,0,0,0,0,0,0,0
2,524,518,0,0,0,0,0,0,0,0
1,523,0,0,0,0,0,0,0,0,0
0,0,0,0,0,0,0,0,0,0,0
1,533,0,0,0,0,0,0,0,0,0
0,0,0,0,0,0,0,0,0,0,0
0,0,0,0,0,0,0,0,0,0,0
1,530,0,0,0,0,0,0,0,0,0
3,529,531,535,0,0,0,0,0,0,0
2,530,532,0,0,0,0,0,0,0,0
2,533,531,0,0,0,0,0,0,0,0
2,532,526,0,0,0,0,0,0,0,0
1,535,0,0,0,0,0,0,0,0,0
3,534,530,536,0,0,0,0,0,0,0
2,535,539,0,0,0,0,0,0,0,0
1,538,0,0,0,0,0,0,0,0,0
1,537,0,0,0,0,0,0,0,0,0
1,536,0,0,0,0,0,0,0,0,0
0,0,0,0,0,0,0,0,0,0,0
0,0,0,0,0,0,0,0,0,0,0
1,543,0,0,0,0,0,0,0,0,0
2,544,542,0,0,0,0,0,0,0,0
2,543,545,0,0,0,0,0,0,0,0
1,544,0,0,0,0,0,0,0,0,0
0,0,0,0,0,0,0,0,0,0,0
1,550,0,0,0,0,0,0,0,0,0
1,551,0,0,0,0,0,0,0,0,0
1,552,0,0,0,0,0,0,0,0,0
3,514,547,517,0,0,0,0,0,0,0
2,552,548,0,0,0,0,0,0,0,0
2,551,549,0,0,0,0,0,0,0,0
0,0,0,0,0,0,0,0,0,0,0
0,0,0,0,0,0,0,0,0,0,0
1,556,0,0,0,0,0,0,0,0,0
2,557,555,0,0,0,0,0,0,0,0
3,558,556,560,0,0,0,0,0,0,0
3,557,559,561,0,0,0,0,0,0,0
1,558,0,0,0,0,0,0,0,0,0
1,557,0,0,0,0,0,0,0,0,0
2,567,558,0,0,0,0,0,0,0,0
0,0,0,0,0,0,0,0,0,0,0
1,564,0,0,0,0,0,0,0,0,0
3,563,596,565,0,0,0,0,0,0,0
1,564,0,0,0,0,0,0,0,0,0
2,582,567,0,0,0,0,0,0,0,0
2,561,566,0,0,0,0,0,0,0,0
0,0,0,0,0,0,0,0,0,0,0
0,0,0,0,0,0,0,0,0,0,0
2,573,571,0,0,0,0,0,0,0,0
1,570,0,0,0,0,0,0,0,0,0
1,573,0,0,0,0,0,0,0,0,0
4,574,572,570,575,0,0,0,0,0,0
3,575,573,510,0,0,0,0,0,0,0
3,574,573,576,0,0,0,0,0,0,0
1,575,0,0,0,0,0,0,0,0,0
0,0,0,0,0,0,0,0,0,0,0
1,579,0,0,0,0,0,0,0,0,0
2,578,580,0,0,0,0,0,0,0,0
2,579,581,0,0,0,0,0,0,0,0
2,580,582,0,0,0,0,0,0,0,0
4,566,585,583,581,0,0,0,0,0,0
1,582,0,0,0,0,0,0,0,0,0
1,585,0,0,0,0,0,0,0,0,0
4,586,590,584,582,0,0,0,0,0,0
3,587,585,195,0,0,0,0,0,0,0
1,586,0,0,0,0,0,0,0,0,0
0,0,0,0,0,0,0,0,0,0,0
0,0,0,0,0,0,0,0,0,0,0
2,585,591,0,0,0,0,0,0,0,0
2,592,590,0,0,0,0,0,0,0,0
2,591,593,0,0,0,0,0,0,0,0
2,592,594,0,0,0,0,0,0,0,0
2,595,593,0,0,0,0,0,0,0,0
1,594,0,0,0,0,0,0,0,0,0
1,564,0,0,0,0,0,0,0,0,0
1,598,0,0,0,0,0,0,0,0,0
1,597,0,0,0,0,0,0,0,0,0
0,0,0,0,0,0,0,0,0,0,0
0,0,0,0,0,0,0,0,0,0,0
0,0,0,0,0,0,0,0,0,0,0
0,0,0,0,0,0,0,0,0,0,0
3,605,604,606,0,0,0,0,0,0,0
3,605,603,701,0,0,0,0,0,0,0
2,603,604,0,0,0,0,0,0,0,0
2,607,603,0,0,0,0,0,0,0,0
3,606,608,609,0,0,0,0,0,0,0
3,607,707,609,0,0,0,0,0,0,0
3,608,607,610,0,0,0,0,0,0,0
2,613,609,0,0,0,0,0,0,0,0
1,612,0,0,0,0,0,0,0,0,0
1,611,0,0,0,0,0,0,0,0,0
1,610,0,0,0,0,0,0,0,0,0
0,0,0,0,0,0,0,0,0,0,0
1,616,0,0,0,0,0,0,0,0,0
3,615,617,653,0,0,0,0,0,0,0
2,616,618,0,0,0,0,0,0,0,0
3,621,619,617,0,0,0,0,0,0,0
2,620,618,0,0,0,0,0,0,0,0
1,619,0,0,0,0,0,0,0,0,0
1,618,0,0,0,0,0,0,0,0,0
0,0,0,0,0,0,0,0,0,0,0
0,0,0,0,0,0,0,0,0,0,0
1,625,0,0,0,0,0,0,0,0,0
2,626,624,0,0,0,0,0,0,0,0
2,627,625,0,0,0,0,0,0,0,0
2,626,630,0,0,0,0,0,0,0,0
0,0,0,0,0,0,0,0,0,0,0
0,0,0,0,0,0,0,0,0,0,0
1,627,0,0,0,0,0,0,0,0,0
0,0,0,0,0,0,0,0,0,0,0
1,633,0,0,0,0,0,0,0,0,0
2,632,636,0,0,0,0,0,0,0,0
1,635,0,0,0,0,0,0,0,0,0
1,634,0,0,0,0,0,0,0,0,0
1,633,0,0,0,0,0,0,0,0,0
0,0,0,0,0,0,0,0,0,0,0
0,0,0,0,0,0,0,0,0,0,0
1,640,0,0,0,0,0,0,0,0,0
1,639,0,0,0,0,0,0,0,0,0
2,642,661,0,0,0,0,0,0,0,0
2,641,643,0,0,0,0,0,0,0,0
2,644,642,0,0,0,0,0,0,0,0
3,643,645,646,0,0,0,0,0,0,0
3,646,644,648,0,0,0,0,0,0,0
2,645,644,0,0,0,0,0,0,0,0
1,648,0,0,0,0,0,0,0,0,0
3,647,649,645,0,0,0,0,0,0,0
2,648,650,0,0,0,0,0,0,0,0
1,649,0,0,0,0,0,0,0,0,0
2,652,653,0,0,0,0,0,0,0,0
2,653,651,0,0,0,0,0,0,0,0
4,654,652,616,651,0,0,0,0,0,0
2,653,657,0,0,0,0,0,0,0,0
1,656,0,0,0,0,0,0,0,0,0
1,655,0,0,0,0,0,0,0,0,0
2,658,654,0,0,0,0,0,0,0,0
3,657,659,661,0,0,0,0,0,0,0
2,658,678,0,0,0,0,0,0,0,0
0,0,0,0,0,0,0,0,0,0,0
2,641,658,0,0,0,0,0,0,0,0
2,665,667,0,0,0,0,0,0,0,0
2,718,664,0,0,0,0,0,0,0,0
3,663,665,720,0,0,0,0,0,0,0
4,662,664,667,666,0,0,0,0,0,0
1,665,0,0,0,0,0,0,0,0,0
2,662,665,0,0,0,0,0,0,0,0
0,0,0,0,0,0,0,0,0,0,0
0,0,0,0,0,0,0,0,0,0,0
1,671,0,0,0,0,0,0,0,0,0
2,670,674,0,0,0,0,0,0,0,0
1,673,0,0,0,0,0,0,0,0,0
3,672,674,676,0,0,0,0,0,0,0
2,673,671,0,0,0,0,0,0,0,0
2,678,676,0,0,0,0,0,0,0,0
3,677,675,673,0,0,0,0,0,0,0
1,676,0,0,0,0,0,0,0,0,0
3,675,659,679,0,0,0,0,0,0,0
1,678,0,0,0,0,0,0,0,0,0
1,681,0,0,0,0,0,0,0,0,0
2,682,680,0,0,0,0,0,0,0,0
1,681,0,0,0,0,0,0,0,0,0
1,684,0,0,0,0,0,0,0,0,0
3,685,683,687,0,0,0,0,0,0,0
2,686,684,0,0,0,0,0,0,0,0
1,685,0,0,0,0,0,0,0,0,0
2,688,684,0,0,0,0,0,0,0,0
1,687,0,0,0,0,0,0,0,0,0
1,692,0,0,0,0,0,0,0,0,0
1,693,0,0,0,0,0,0,0,0,0
1,692,0,0,0,0,0,0,0,0,0
2,691,689,0,0,0,0,0,0,0,0
2,694,690,0,0,0,0,0,0,0,0
1,693,0,0,0,0,0,0,0,0,0
1,696,0,0,0,0,0,0,0,0,0
1,695,0,0,0,0,0,0,0,0,0
0,0,0,0,0,0,0,0,0,0,0
1,699,0,0,0,0,0,0,0,0,0
1,698,0,0,0,0,0,0,0,0,0
2,830,701,0,0,0,0,0,0,0,0
2,604,700,0,0,0,0,0,0,0,0
2,703,705,0,0,0,0,0,0,0,0
1,702,0,0,0,0,0,0,0,0,0
1,705,0,0,0,0,0,0,0,0,0
2,702,704,0,0,0,0,0,0,0,0
1,707,0,0,0,0,0,0,0,0,0
2,706,608,0,0,0,0,0,0,0,0
0,0,0,0,0,0,0,0,0,0,0
1,710,0,0,0,0,0,0,0,0,0
2,709,713,0,0,0,0,0,0,0,0
2,712,714,0,0,0,0,0,0,0,0
1,711,0,0,0,0,0,0,0,0,0
2,873,710,0,0,0,0,0,0,0,0
1,711,0,0,0,0,0,0,0,0,0
0,0,0,0,0,0,0,0,0,0,0
1,717,0,0,0,0,0,0,0,0,0
1,716,0,0,0,0,0,0,0,0,0
1,663,0,0,0,0,0,0,0,0,0
1,723,0,0,0,0,0,0,0,0,0
1,664,0,0,0,0,0,0,0,0,0
0,0,0,0,0,0,0,0,0,0,0
1,723,0,0,0,0,0,0,0,0,0
2,722,719,0,0,0,0,0,0,0,0
2,725,727,0,0,0,0,0,0,0,0
2,724,726,0,0,0,0,0,0,0,0
1,725,0,0,0,0,0,0,0,0,0
1,724,0,0,0,0,0,0,0,0,0
0,0,0,0,0,0,0,0,0,0,0
1,774,0,0,0,0,0,0,0,0,0
0,0,0,0,0,0,0,0,0,0,0
0,0,0,0,0,0,0,0,0,0,0
1,733,0,0,0,0,0,0,0,0,0
2,732,736,0,0,0,0,0,0,0,0
0,0,0,0,0,0,0,0,0,0,0
1,738,0,0,0,0,0,0,0,0,0
2,737,733,0,0,0,0,0,0,0,0
2,736,738,0,0,0,0,0,0,0,0
2,735,737,0,0,0,0,0,0,0,0
0,0,0,0,0,0,0,0,0,0,0
0,0,0,0,0,0,0,0,0,0,0
0,0,0,0,0,0,0,0,0,0,0
1,743,0,0,0,0,0,0,0,0,0
1,742,0,0,0,0,0,0,0,0,0
0,0,0,0,0,0,0,0,0,0,0
0,0,0,0,0,0,0,0,0,0,0
0,0,0,0,0,0,0,0,0,0,0
0,0,0,0,0,0,0,0,0,0,0
0,0,0,0,0,0,0,0,0,0,0
1,752,0,0,0,0,0,0,0,0,0
0,0,0,0,0,0,0,0,0,0,0
0,0,0,0,0,0,0,0,0,0,0
2,753,749,0,0,0,0,0,0,0,0
2,757,752,0,0,0,0,0,0,0,0
2,757,755,0,0,0,0,0,0,0,0
3,756,754,769,0,0,0,0,0,0,0
2,755,757,0,0,0,0,0,0,0,0
3,756,754,753,0,0,0,0,0,0,0
2,759,768,0,0,0,0,0,0,0,0
3,760,758,765,0,0,0,0,0,0,0
1,759,0,0,0,0,0,0,0,0,0
1,762,0,0,0,0,0,0,0,0,0
1,761,0,0,0,0,0,0,0,0,0
0,0,0,0,0,0,0,0,0,0,0
0,0,0,0,0,0,0,0,0,0,0
2,759,766,0,0,0,0,0,0,0,0
1,765,0,0,0,0,0,0,0,0,0
1,770,0,0,0,0,0,0,0,0,0
2,771,758,0,0,0,0,0,0,0,0
1,755,0,0,0,0,0,0,0,0,0
2,767,771,0,0,0,0,0,0,0,0
2,768,770,0,0,0,0,0,0,0,0
0,0,0,0,0,0,0,0,0,0,0
0,0,0,0,0,0,0,0,0,0,0
1,729,0,0,0,0,0,0,0,0,0
1,776,0,0,0,0,0,0,0,0,0
1,775,0,0,0,0,0,0,0,0,0
1,806,0,0,0,0,0,0,0,0,0
1,779,0,0,0,0,0,0,0,0,0
1,778,0,0,0,0,0,0,0,0,0
2,804,781,0,0,0,0,0,0,0,0
1,780,0,0,0,0,0,0,0,0,0
0,0,0,0,0,0,0,0,0,0,0
1,784,0,0,0,0,0,0,0,0,0
3,800,785,783,0,0,0,0,0,0,0
1,784,0,0,0,0,0,0,0,0,0
1,787,0,0,0,0,0,0,0,0,0
2,788,786,0,0,0,0,0,0,0,0
2,787,789,0,0,0,0,0,0,0,0
2,788,790,0,0,0,0,0,0,0,0
2,791,789,0,0,0,0,0,0,0,0
3,790,793,794,0,0,0,0,0,0,0
0,0,0,0,0,0,0,0,0,0,0
3,794,855,791,0,0,0,0,0,0,0
3,795,793,791,0,0,0,0,0,0,0
2,794,853,0,0,0,0,0,0,0,0
1,797,0,0,0,0,0,0,0,0,0
2,851,796,0,0,0,0,0,0,0,0
0,0,0,0,0,0,0,0,0,0,0
2,849,800,0,0,0,0,0,0,0,0
3,784,799,801,0,0,0,0,0,0,0
2,800,802,0,0,0,0,0,0,0,0
2,803,801,0,0,0,0,0,0,0,0
1,802,0,0,0,0,0,0,0,0,0
1,780,0,0,0,0,0,0,0,0,0
0,0,0,0,0,0,0,0,0,0,0
1,777,0,0,0,0,0,0,0,0,0
1,812,0,0,0,0,0,0,0,0,0
3,809,810,811,0,0,0,0,0,0,0
2,808,810,0,0,0,0,0,0,0,0
2,808,809,0,0,0,0,0,0,0,0
2,812,808,0,0,0,0,0,0,0,0
3,811,807,813,0,0,0,0,0,0,0
2,814,812,0,0,0,0,0,0,0,0
2,815,813,0,0,0,0,0,0,0,0
2,814,816,0,0,0,0,0,0,0,0
2,815,817,0,0,0,0,0,0,0,0
2,818,816,0,0,0,0,0,0,0,0
2,817,869,0,0,0,0,0,0,0,0
1,835,0,0,0,0,0,0,0,0,0
2,834,821,0,0,0,0,0,0,0,0
2,866,820,0,0,0,0,0,0,0,0
2,823,831,0,0,0,0,0,0,0,0
2,827,822,0,0,0,0,0,0,0,0
2,825,826,0,0,0,0,0,0,0,0
2,824,826,0,0,0,0,0,0,0,0
3,825,827,824,0,0,0,0,0,0,0
2,826,823,0,0,0,0,0,0,0,0
1,829,0,0,0,0,0,0,0,0,0
2,830,828,0,0,0,0,0,0,0,0
2,700,829,0,0,0,0,0,0,0,0
1,822,0,0,0,0,0,0,0,0,0
1,833,0,0,0,0,0,0,0,0,0
1,832,0,0,0,0,0,0,0,0,0
1,820,0,0,0,0,0,0,0,0,0
1,819,0,0,0,0,0,0,0,0,0
1,837,0,0,0,0,0,0,0,0,0
1,836,0,0,0,0,0,0,0,0,0
0,0,0,0,0,0,0,0,0,0,0
2,840,842,0,0,0,0,0,0,0,0
1,839,0,0,0,0,0,0,0,0,0
1,842,0,0,0,0,0,0,0,0,0
2,839,841,0,0,0,0,0,0,0,0
2,844,845,0,0,0,0,0,0,0,0
1,843,0,0,0,0,0,0,0,0,0
2,846,843,0,0,0,0,0,0,0,0
2,845,847,0,0,0,0,0,0,0,0
1,846,0,0,0,0,0,0,0,0,0
1,849,0,0,0,0,0,0,0,0,0
3,848,799,850,0,0,0,0,0,0,0
2,851,849,0,0,0,0,0,0,0,0
2,797,850,0,0,0,0,0,0,0,0
0,0,0,0,0,0,0,0,0,0,0
2,854,795,0,0,0,0,0,0,0,0
2,853,855,0,0,0,0,0,0,0,0
3,793,856,854,0,0,0,0,0,0,0
1,855,0,0,0,0,0,0,0,0,0
1,858,0,0,0,0,0,0,0,0,0
2,857,859,0,0,0,0,0,0,0,0
2,860,858,0,0,0,0,0,0,0,0
2,861,859,0,0,0,0,0,0,0,0
3,862,860,884,0,0,0,0,0,0,0
1,861,0,0,0,0,0,0,0,0,0
0,0,0,0,0,0,0,0,0,0,0
0,0,0,0,0,0,0,0,0,0,0
1,879,0,0,0,0,0,0,0,0,0
1,821,0,0,0,0,0,0,0,0,0
1,868,0,0,0,0,0,0,0,0,0
2,869,867,0,0,0,0,0,0,0,0
4,868,875,818,870,0,0,0,0,0,0
1,869,0,0,0,0,0,0,0,0,0
0,0,0,0,0,0,0,0,0,0,0
0,0,0,0,0,0,0,0,0,0,0
2,874,713,0,0,0,0,0,0,0,0
1,873,0,0,0,0,0,0,0,0,0
1,869,0,0,0,0,0,0,0,0,0
1,877,0,0,0,0,0,0,0,0,0
1,876,0,0,0,0,0,0,0,0,0
0,0,0,0,0,0,0,0,0,0,0
2,880,865,0,0,0,0,0,0,0,0
2,879,881,0,0,0,0,0,0,0,0
2,882,880,0,0,0,0,0,0,0,0
2,881,883,0,0,0,0,0,0,0,0
2,882,886,0,0,0,0,0,0,0,0
1,861,0,0,0,0,0,0,0,0,0
0,0,0,0,0,0,0,0,0,0,0
2,887,883,0,0,0,0,0,0,0,0
1,886,0,0,0,0,0,0,0,0,0
1,889,0,0,0,0,0,0,0,0,0
1,888,0,0,0,0,0,0,0,0,0
1,1363,0,0,0,0,0,0,0,0,0
0,0,0,0,0,0,0,0,0,0,0
2,1092,893,0,0,0,0,0,0,0,0
2,894,892,0,0,0,0,0,0,0,0
2,893,895,0,0,0,0,0,0,0,0
3,894,896,1110,0,0,0,0,0,0,0
3,895,1110,1111,0,0,0,0,0,0,0
0,0,0,0,0,0,0,0,0,0,0
1,899,0,0,0,0,0,0,0,0,0
2,898,900,0,0,0,0,0,0,0,0
2,901,899,0,0,0,0,0,0,0,0
1,900,0,0,0,0,0,0,0,0,0
1,903,0,0,0,0,0,0,0,0,0
2,902,904,0,0,0,0,0,0,0,0
2,905,903,0,0,0,0,0,0,0,0
3,904,906,907,0,0,0,0,0,0,0
2,907,905,0,0,0,0,0,0,0,0
3,908,906,905,0,0,0,0,0,0,0
3,909,907,910,0,0,0,0,0,0,0
1,908,0,0,0,0,0,0,0,0,0
1,908,0,0,0,0,0,0,0,0,0
3,912,914,913,0,0,0,0,0,0,0
3,913,911,915,0,0,0,0,0,0,0
3,914,912,911,0,0,0,0,0,0,0
2,913,911,0,0,0,0,0,0,0,0
2,912,916,0,0,0,0,0,0,0,0
3,917,915,919,0,0,0,0,0,0,0
2,918,916,0,0,0,0,0,0,0,0
1,917,0,0,0,0,0,0,0,0,0
2,920,916,0,0,0,0,0,0,0,0
1,919,0,0,0,0,0,0,0,0,0
1,922,0,0,0,0,0,0,0,0,0
1,921,0,0,0,0,0,0,0,0,0
1,924,0,0,0,0,0,0,0,0,0
1,923,0,0,0,0,0,0,0,0,0
0,0,0,0,0,0,0,0,0,0,0
2,929,927,0,0,0,0,0,0,0,0
2,926,928,0,0,0,0,0,0,0,0
1,927,0,0,0,0,0,0,0,0,0
1,926,0,0,0,0,0,0,0,0,0
0,0,0,0,0,0,0,0,0,0,0
0,0,0,0,0,0,0,0,0,0,0
0,0,0,0,0,0,0,0,0,0,0
1,934,0,0,0,0,0,0,0,0,0
2,933,938,0,0,0,0,0,0,0,0
2,936,939,0,0,0,0,0,0,0,0
1,935,0,0,0,0,0,0,0,0,0
1,938,0,0,0,0,0,0,0,0,0
2,934,937,0,0,0,0,0,0,0,0
2,940,935,0,0,0,0,0,0,0,0
1,939,0,0,0,0,0,0,0,0,0
1,942,0,0,0,0,0,0,0,0,0
5,941,1084,1102,943,1103,0,0,0,0,0
2,1085,942,0,0,0,0,0,0,0,0
1,945,0,0,0,0,0,0,0,0,0
2,946,944,0,0,0,0,0,0,0,0
4,947,945,1088,1110,0,0,0,0,0,0
3,948,946,1089,0,0,0,0,0,0,0
3,947,949,951,0,0,0,0,0,0,0
2,950,948,0,0,0,0,0,0,0,0
2,951,949,0,0,0,0,0,0,0,0
3,950,952,948,0,0,0,0,0,0,0
2,951,953,0,0,0,0,0,0,0,0
1,952,0,0,0,0,0,0,0,0,0
1,955,0,0,0,0,0,0,0,0,0
3,958,956,954,0,0,0,0,0,0,0
2,955,957,0,0,0,0,0,0,0,0
2,958,956,0,0,0,0,0,0,0,0
2,957,955,0,0,0,0,0,0,0,0
0,0,0,0,0,0,0,0,0,0,0
1,961,0,0,0,0,0,0,0,0,0
2,960,962,0,0,0,0,0,0,0,0
1,961,0,0,0,0,0,0,0,0,0
0,0,0,0,0,0,0,0,0,0,0
1,965,0,0,0,0,0,0,0,0,0
1,964,0,0,0,0,0,0,0,0,0
1,967,0,0,0,0,0,0,0,0,0
1,966,0,0,0,0,0,0,0,0,0
1,969,0,0,0,0,0,0,0,0,0
2,970,968,0,0,0,0,0,0,0,0
2,969,971,0,0,0,0,0,0,0,0
3,972,1020,970,0,0,0,0,0,0,0
2,971,1020,0,0,0,0,0,0,0,0
2,974,1047,0,0,0,0,0,0,0,0
2,973,1022,0,0,0,0,0,0,0,0
1,976,0,0,0,0,0,0,0,0,0
2,975,977,0,0,0,0,0,0,0,0
2,978,976,0,0,0,0,0,0,0,0
2,977,979,0,0,0,0,0,0,0,0
1,978,0,0,0,0,0,0,0,0,0
0,0,0,0,0,0,0,0,0,0,0
3,982,984,1250,0,0,0,0,0,0,0
2,981,983,0,0,0,0,0,0,0,0
3,984,986,982,0,0,0,0,0,0,0
2,983,981,0,0,0,0,0,0,0,0
0,0,0,0,0,0,0,0,0,0,0
1,983,0,0,0,0,0,0,0,0,0
0,0,0,0,0,0,0,0,0,0,0
0,0,0,0,0,0,0,0,0,0,0
0,0,0,0,0,0,0,0,0,0,0
0,0,0,0,0,0,0,0,0,0,0
1,995,0,0,0,0,0,0,0,0,0
2,997,996,0,0,0,0,0,0,0,0
1,994,0,0,0,0,0,0,0,0,0
1,993,0,0,0,0,0,0,0,0,0
1,991,0,0,0,0,0,0,0,0,0
1,992,0,0,0,0,0,0,0,0,0
1,992,0,0,0,0,0,0,0,0,0
0,0,0,0,0,0,0,0,0,0,0
1,1000,0,0,0,0,0,0,0,0,0
1,999,0,0,0,0,0,0,0,0,0
0,0,0,0,0,0,0,0,0,0,0
2,1003,1021,0,0,0,0,0,0,0,0
1,1002,0,0,0,0,0,0,0,0,0
2,1005,1023,0,0,0,0,0,0,0,0
3,1004,1012,1006,0,0,0,0,0,0,0
2,1007,1005,0,0,0,0,0,0,0,0
2,1006,1008,0,0,0,0,0,0,0,0
4,1009,1007,1010,1011,0,0,0,0,0,0
2,1010,1008,0,0,0,0,0,0,0,0
3,1011,1009,1008,0,0,0,0,0,0,0
3,1010,1012,1008,0,0,0,0,0,0,0
2,1011,1005,0,0,0,0,0,0,0,0
0,0,0,0,0,0,0,0,0,0,0
0,0,0,0,0,0,0,0,0,0,0
0,0,0,0,0,0,0,0,0,0,0
1,1017,0,0,0,0,0,0,0,0,0
2,1018,1016,0,0,0,0,0,0,0,0
1,1017,0,0,0,0,0,0,0,0,0
1,1020,0,0,0,0,0,0,0,0,0
4,1019,972,971,1021,0,0,0,0,0,0
3,1020,1022,1002,0,0,0,0,0,0,0
2,974,1021,0,0,0,0,0,0,0,0
2,1024,1004,0,0,0,0,0,0,0,0
2,1025,1023,0,0,0,0,0,0,0,0
3,1024,1026,1028,0,0,0,0,0,0,0
2,1025,1027,0,0,0,0,0,0,0,0
1,1026,0,0,0,0,0,0,0,0,0
1,1025,0,0,0,0,0,0,0,0,0
0,0,0,0,0,0,0,0,0,0,0
2,1034,1031,0,0,0,0,0,0,0,0
2,1032,1030,0,0,0,0,0,0,0,0
2,1031,1033,0,0,0,0,0,0,0,0
1,1032,0,0,0,0,0,0,0,0,0
1,1030,0,0,0,0,0,0,0,0,0
0,0,0,0,0,0,0,0,0,0,0
1,1037,0,0,0,0,0,0,0,0,0
1,1036,0,0,0,0,0,0,0,0,0
1,1039,0,0,0,0,0,0,0,0,0
1,1038,0,0,0,0,0,0,0,0,0
1,1043,0,0,0,0,0,0,0,0,0
1,1042,0,0,0,0,0,0,0,0,0
2,1041,1043,0,0,0,0,0,0,0,0
2,1040,1042,0,0,0,0,0,0,0,0
1,1045,0,0,0,0,0,0,0,0,0
2,1046,1044,0,0,0,0,0,0,0,0
1,1045,0,0,0,0,0,0,0,0,0
1,973,0,0,0,0,0,0,0,0,0
1,1049,0,0,0,0,0,0,0,0,0
3,1048,1050,1085,0,0,0,0,0,0,0
3,1049,1086,1051,0,0,0,0,0,0,0
3,1052,1087,1050,0,0,0,0,0,0,0
1,1051,0,0,0,0,0,0,0,0,0
1,1054,0,0,0,0,0,0,0,0,0
2,1055,1053,0,0,0,0,0,0,0,0
1,1054,0,0,0,0,0,0,0,0,0
2,1057,1061,0,0,0,0,0,0,0,0
2,1058,1056,0,0,0,0,0,0,0,0
2,1057,1061,0,0,0,0,0,0,0,0
1,1060,0,0,0,0,0,0,0,0,0
2,1059,1061,0,0,0,0,0,0,0,0
5,1062,1056,1064,1058,1060,0,0,0,0,0
3,1061,1063,1325,0,0,0,0,0,0,0
1,1062,0,0,0,0,0,0,0,0,0
1,1061,0,0,0,0,0,0,0,0,0
0,0,0,0,0,0,0,0,0,0,0
1,1067,0,0,0,0,0,0,0,0,0
2,1068,1066,0,0,0,0,0,0,0,0
2,1067,1069,0,0,0,0,0,0,0,0
1,1068,0,0,0,0,0,0,0,0,0
0,0,0,0,0,0,0,0,0,0,0
1,1074,0,0,0,0,0,0,0,0,0
0,0,0,0,0,0,0,0,0,0,0
2,1074,1077,0,0,0,0,0,0,0,0
3,1071,1073,1075,0,0,0,0,0,0,0
3,1076,1082,1074,0,0,0,0,0,0,0
2,1075,1077,0,0,0,0,0,0,0,0
2,1076,1073,0,0,0,0,0,0,0,0
0,0,0,0,0,0,0,0,0,0,0
0,0,0,0,0,0,0,0,0,0,0
0,0,0,0,0,0,0,0,0,0,0
1,1082,0,0,0,0,0,0,0,0,0
2,1075,1081,0,0,0,0,0,0,0,0
0,0,0,0,0,0,0,0,0,0,0
2,942,1085,0,0,0,0,0,0,0,0
4,1086,943,1084,1049,0,0,0,0,0,0
3,1087,1085,1050,0,0,0,0,0,0,0
2,1086,1051,0,0,0,0,0,0,0,0
2,1089,946,0,0,0,0,0,0,0,0
3,1088,1090,947,0,0,0,0,0,0,0
3,1089,1091,1318,0,0,0,0,0,0,0
3,1090,1092,1093,0,0,0,0,0,0,0
3,1093,1091,892,0,0,0,0,0,0,0
3,1092,1094,1091,0,0,0,0,0,0,0
2,1093,1097,0,0,0,0,0,0,0,0
0,0,0,0,0,0,0,0,0,0,0
0,0,0,0,0,0,0,0,0,0,0
2,1098,1094,0,0,0,0,0,0,0,0
2,1103,1097,0,0,0,0,0,0,0,0
0,0,0,0,0,0,0,0,0,0,0
1,1101,0,0,0,0,0,0,0,0,0
2,1100,1102,0,0,0,0,0,0,0,0
3,1103,1101,942,0,0,0,0,0,0,0
4,1102,1098,1104,942,0,0,0,0,0,0
4,1105,1107,1103,1106,0,0,0,0,0,0
2,1104,1106,0,0,0,0,0,0,0,0
3,1105,1107,1104,0,0,0,0,0,0,0
3,1108,1104,1106,0,0,0,0,0,0,0
2,1107,1109,0,0,0,0,0,0,0,0
1,1108,0,0,0,0,0,0,0,0,0
4,946,896,1111,895,0,0,0,0,0,0
2,896,1110,0,0,0,0,0,0,0,0
2,1113,1114,0,0,0,0,0,0,0,0
2,1112,1114,0,0,0,0,0,0,0,0
2,1113,1112,0,0,0,0,0,0,0,0
0,0,0,0,0,0,0,0,0,0,0
2,1118,1117,0,0,0,0,0,0,0,0
2,1118,1116,0,0,0,0,0,0,0,0
3,1119,1117,1116,0,0,0,0,0,0,0
1,1118,0,0,0,0,0,0,0,0,0
1,1297,0,0,0,0,0,0,0,0,0
0,0,0,0,0,0,0,0,0,0,0
2,1123,1299,0,0,0,0,0,0,0,0
1,1122,0,0,0,0,0,0,0,0,0
2,1301,1125,0,0,0,0,0,0,0,0
2,1126,1124,0,0,0,0,0,0,0,0
3,1127,1303,1125,0,0,0,0,0,0,0
1,1126,0,0,0,0,0,0,0,0,0
0,0,0,0,0,0,0,0,0,0,0
2,1135,1130,0,0,0,0,0,0,0,0
1,1129,0,0,0,0,0,0,0,0,0
3,1132,1134,1133,0,0,0,0,0,0,0
3,1133,1135,1131,0,0,0,0,0,0,0
2,1132,1131,0,0,0,0,0,0,0,0
2,198,1131,0,0,0,0,0,0,0,0
2,1132,1129,0,0,0,0,0,0,0,0
1,1139,0,0,0,0,0,0,0,0,0
2,198,1138,0,0,0,0,0,0,0,0
3,197,1137,1139,0,0,0,0,0,0,0
3,1302,1138,1136,0,0,0,0,0,0,0
0,0,0,0,0,0,0,0,0,0,0
1,1142,0,0,0,0,0,0,0,0,0
2,1143,1141,0,0,0,0,0,0,0,0
1,1142,0,0,0,0,0,0,0,0,0
1,1145,0,0,0,0,0,0,0,0,0
1,1144,0,0,0,0,0,0,0,0,0
1,1147,0,0,0,0,0,0,0,0,0
3,1146,1148,1151,0,0,0,0,0,0,0
1,1147,0,0,0,0,0,0,0,0,0
1,1150,0,0,0,0,0,0,0,0,0
2,1149,1298,0,0,0,0,0,0,0,0
3,1152,1154,1147,0,0,0,0,0,0,0
1,1151,0,0,0,0,0,0,0,0,0
0,0,0,0,0,0,0,0,0,0,0
3,1155,1151,1256,0,0,0,0,0,0,0
2,1156,1154,0,0,0,0,0,0,0,0
3,1155,1157,1257,0,0,0,0,0,0,0
3,1156,1258,1158,0,0,0,0,0,0,0
3,1242,1259,1157,0,0,0,0,0,0,0
2,1243,1284,0,0,0,0,0,0,0,0
2,1161,1261,0,0,0,0,0,0,0,0
2,1162,1160,0,0,0,0,0,0,0,0
1,1161,0,0,0,0,0,0,0,0,0
1,1218,0,0,0,0,0,0,0,0,0
0,0,0,0,0,0,0,0,0,0,0
1,1168,0,0,0,0,0,0,0,0,0
0,0,0,0,0,0,0,0,0,0,0
0,0,0,0,0,0,0,0,0,0,0
1,1165,0,0,0,0,0,0,0,0,0
1,1170,0,0,0,0,0,0,0,0,0
3,1171,1169,1173,0,0,0,0,0,0,0
2,1170,1172,0,0,0,0,0,0,0,0
1,1171,0,0,0,0,0,0,0,0,0
1,1170,0,0,0,0,0,0,0,0,0
1,1175,0,0,0,0,0,0,0,0,0
2,1174,1176,0,0,0,0,0,0,0,0
3,1177,1175,238,0,0,0,0,0,0,0
2,1176,1178,0,0,0,0,0,0,0,0
2,1179,1177,0,0,0,0,0,0,0,0
2,1178,1180,0,0,0,0,0,0,0,0
1,1179,0,0,0,0,0,0,0,0,0
0,0,0,0,0,0,0,0,0,0,0
1,1185,0,0,0,0,0,0,0,0,0
0,0,0,0,0,0,0,0,0,0,0
2,1212,1187,0,0,0,0,0,0,0,0
2,1186,1182,0,0,0,0,0,0,0,0
2,1185,1239,0,0,0,0,0,0,0,0
3,1188,1189,1184,0,0,0,0,0,0,0
1,1187,0,0,0,0,0,0,0,0,0
3,1190,1237,1187,0,0,0,0,0,0,0
4,1189,1191,1193,1192,0,0,0,0,0,0
2,1192,1190,0,0,0,0,0,0,0,0
2,1191,1190,0,0,0,0,0,0,0,0
1,1190,0,0,0,0,0,0,0,0,0
0,0,0,0,0,0,0,0,0,0,0
1,1196,0,0,0,0,0,0,0,0,0
2,1195,1197,0,0,0,0,0,0,0,0
1,1196,0,0,0,0,0,0,0,0,0
1,1207,0,0,0,0,0,0,0,0,0
0,0,0,0,0,0,0,0,0,0,0
0,0,0,0,0,0,0,0,0,0,0
2,1202,1225,0,0,0,0,0,0,0,0
2,1201,1203,0,0,0,0,0,0,0,0
4,1204,1205,1206,1202,0,0,0,0,0,0
3,1203,1205,1207,0,0,0,0,0,0,0
2,1204,1203,0,0,0,0,0,0,0,0
2,1216,1203,0,0,0,0,0,0,0,0
2,1204,1198,0,0,0,0,0,0,0,0
1,1209,0,0,0,0,0,0,0,0,0
3,1214,1210,1208,0,0,0,0,0,0,0
1,1209,0,0,0,0,0,0,0,0,0
1,1212,0,0,0,0,0,0,0,0,0
3,1211,1184,1213,0,0,0,0,0,0,0
3,1214,1238,1212,0,0,0,0,0,0,0
4,1213,1215,1209,1240,0,0,0,0,0,0
3,1214,1241,1216,0,0,0,0,0,0,0
2,1206,1215,0,0,0,0,0,0,0,0
0,0,0,0,0,0,0,0,0,0,0
4,1220,1221,1219,1163,0,0,0,0,0,0
2,1218,1220,0,0,0,0,0,0,0,0
3,1218,1221,1219,0,0,0,0,0,0,0
3,1222,1220,1218,0,0,0,0,0,0,0
3,1223,1221,1225,0,0,0,0,0,0,0
1,1222,0,0,0,0,0,0,0,0,0
2,1225,1227,0,0,0,0,0,0,0,0
3,1222,1224,1201,0,0,0,0,0,0,0
0,0,0,0,0,0,0,0,0,0,0
1,1224,0,0,0,0,0,0,0,0,0
0,0,0,0,0,0,0,0,0,0,0
1,1230,0,0,0,0,0,0,0,0,0
1,1229,0,0,0,0,0,0,0,0,0
0,0,0,0,0,0,0,0,0,0,0
0,0,0,0,0,0,0,0,0,0,0
1,1234,0,0,0,0,0,0,0,0,0
2,1235,1233,0,0,0,0,0,0,0,0
2,1236,1234,0,0,0,0,0,0,0,0
2,1237,1235,0,0,0,0,0,0,0,0
3,1236,1238,1189,0,0,0,0,0,0,0
2,1237,1213,0,0,0,0,0,0,0,0
2,1186,1240,0,0,0,0,0,0,0,0
3,1241,1214,1239,0,0,0,0,0,0,0
3,1242,1240,1215,0,0,0,0,0,0,0
3,1241,1243,1158,0,0,0,0,0,0,0
3,1244,1159,1242,0,0,0,0,0,0,0
1,1243,0,0,0,0,0,0,0,0,0
1,1246,0,0,0,0,0,0,0,0,0
2,1245,1247,0,0,0,0,0,0,0,0
1,1246,0,0,0,0,0,0,0,0,0
2,1249,1283,0,0,0,0,0,0,0,0
2,1248,1283,0,0,0,0,0,0,0,0
2,1251,981,0,0,0,0,0,0,0,0
2,1253,1250,0,0,0,0,0,0,0,0
1,1253,0,0,0,0,0,0,0,0,0
3,1254,1252,1251,0,0,0,0,0,0,0
2,1255,1253,0,0,0,0,0,0,0,0
1,1254,0,0,0,0,0,0,0,0,0
3,1257,1298,1154,0,0,0,0,0,0,0
3,1258,1256,1156,0,0,0,0,0,0,0
4,1257,1259,1299,1157,0,0,0,0,0,0
3,1158,1258,1300,0,0,0,0,0,0,0
1,1301,0,0,0,0,0,0,0,0,0
1,1160,0,0,0,0,0,0,0,0,0
2,1263,1264,0,0,0,0,0,0,0,0
3,1262,1276,1264,0,0,0,0,0,0,0
2,1263,1262,0,0,0,0,0,0,0,0
1,1274,0,0,0,0,0,0,0,0,0
2,1273,1272,0,0,0,0,0,0,0,0
2,1268,1269,0,0,0,0,0,0,0,0
4,1267,1269,1457,1271,0,0,0,0,0,0
3,1268,1267,1457,0,0,0,0,0,0,0
2,1272,1271,0,0,0,0,0,0,0,0
2,1268,1270,0,0,0,0,0,0,0,0
3,1273,1266,1270,0,0,0,0,0,0,0
2,1266,1272,0,0,0,0,0,0,0,0
2,1275,1265,0,0,0,0,0,0,0,0
1,1274,0,0,0,0,0,0,0,0,0
1,1263,0,0,0,0,0,0,0,0,0
1,1280,0,0,0,0,0,0,0,0,0
1,1279,0,0,0,0,0,0,0,0,0
1,1278,0,0,0,0,0,0,0,0,0
1,1277,0,0,0,0,0,0,0,0,0
1,1282,0,0,0,0,0,0,0,0,0
1,1281,0,0,0,0,0,0,0,0,0
2,1249,1248,0,0,0,0,0,0,0,0
1,1159,0,0,0,0,0,0,0,0,0
1,1286,0,0,0,0,0,0,0,0,0
3,1287,1285,1288,0,0,0,0,0,0,0
1,1286,0,0,0,0,0,0,0,0,0
2,1289,1286,0,0,0,0,0,0,0,0
1,1288,0,0,0,0,0,0,0,0,0
2,1294,1293,0,0,0,0,0,0,0,0
1,1292,0,0,0,0,0,0,0,0,0
2,1291,1293,0,0,0,0,0,0,0,0
2,1290,1292,0,0,0,0,0,0,0,0
1,1290,0,0,0,0,0,0,0,0,0
1,1296,0,0,0,0,0,0,0,0,0
2,1297,1295,0,0,0,0,0,0,0,0
3,1296,1298,1120,0,0,0,0,0,0,0
3,1297,1150,1256,0,0,0,0,0,0,0
3,1300,1122,1258,0,0,0,0,0,0,0
2,1299,1259,0,0,0,0,0,0,0,0
2,1260,1124,0,0,0,0,0,0,0,0
1,1139,0,0,0,0,0,0,0,0,0
1,1126,0,0,0,0,0,0,0,0,0
3,1305,1306,1307,0,0,0,0,0,0,0
3,1306,1304,1308,0,0,0,0,0,0,0
3,1305,1307,1304,0,0,0,0,0,0,0
2,1306,1304,0,0,0,0,0,0,0,0
2,1309,1305,0,0,0,0,0,0,0,0
1,1308,0,0,0,0,0,0,0,0,0
2,1311,1314,0,0,0,0,0,0,0,0
1,1310,0,0,0,0,0,0,0,0,0
0,0,0,0,0,0,0,0,0,0,0
0,0,0,0,0,0,0,0,0,0,0
1,1310,0,0,0,0,0,0,0,0,0
1,1316,0,0,0,0,0,0,0,0,0
1,1315,0,0,0,0,0,0,0,0,0
1,1318,0,0,0,0,0,0,0,0,0
3,1317,1090,1319,0,0,0,0,0,0,0
2,1320,1318,0,0,0,0,0,0,0,0
2,1319,1321,0,0,0,0,0,0,0,0
2,1322,1320,0,0,0,0,0,0,0,0
2,1321,1323,0,0,0,0,0,0,0,0
1,1322,0,0,0,0,0,0,0,0,0
1,1327,0,0,0,0,0,0,0,0,0
3,1062,1326,1329,0,0,0,0,0,0,0
2,1327,1325,0,0,0,0,0,0,0,0
2,1326,1324,0,0,0,0,0,0,0,0
0,0,0,0,0,0,0,0,0,0,0
1,1325,0,0,0,0,0,0,0,0,0
0,0,0,0,0,0,0,0,0,0,0
1,1332,0,0,0,0,0,0,0,0,0
1,1331,0,0,0,0,0,0,0,0,0
0,0,0,0,0,0,0,0,0,0,0
1,1335,0,0,0,0,0,0,0,0,0
3,1336,1334,1338,0,0,0,0,0,0,0
3,1335,1341,1339,0,0,0,0,0,0,0
2,1342,1338,0,0,0,0,0,0,0,0
3,1339,1335,1337,0,0,0,0,0,0,0
2,1338,1336,0,0,0,0,0,0,0,0
0,0,0,0,0,0,0,0,0,0,0
2,1342,1336,0,0,0,0,0,0,0,0
2,1341,1337,0,0,0,0,0,0,0,0
0,0,0,0,0,0,0,0,0,0,0
1,1346,0,0,0,0,0,0,0,0,0
1,1346,0,0,0,0,0,0,0,0,0
2,1344,1345,0,0,0,0,0,0,0,0
1,1348,0,0,0,0,0,0,0,0,0
2,1349,1347,0,0,0,0,0,0,0,0
1,1348,0,0,0,0,0,0,0,0,0
0,0,0,0,0,0,0,0,0,0,0
0,0,0,0,0,0,0,0,0,0,0
0,0,0,0,0,0,0,0,0,0,0
2,1358,1354,0,0,0,0,0,0,0,0
1,1353,0,0,0,0,0,0,0,0,0
0,0,0,0,0,0,0,0,0,0,0
0,0,0,0,0,0,0,0,0,0,0
0,0,0,0,0,0,0,0,0,0,0
2,1359,1353,0,0,0,0,0,0,0,0
1,1358,0,0,0,0,0,0,0,0,0
1,1363,0,0,0,0,0,0,0,0,0
1,1368,0,0,0,0,0,0,0,0,0
1,1363,0,0,0,0,0,0,0,0,0
3,1360,1362,890,0,0,0,0,0,0,0
1,1365,0,0,0,0,0,0,0,0,0
3,1364,1370,1366,0,0,0,0,0,0,0
1,1365,0,0,0,0,0,0,0,0,0
1,1368,0,0,0,0,0,0,0,0,0
2,1367,1361,0,0,0,0,0,0,0,0
1,1370,0,0,0,0,0,0,0,0,0
3,1365,1372,1369,0,0,0,0,0,0,0
2,1377,1372,0,0,0,0,0,0,0,0
4,1377,1373,1371,1370,0,0,0,0,0,0
2,1372,1374,0,0,0,0,0,0,0,0
3,1377,1375,1373,0,0,0,0,0,0,0
2,1374,1376,0,0,0,0,0,0,0,0
3,1379,1375,1380,0,0,0,0,0,0,0
3,1374,1372,1371,0,0,0,0,0,0,0
1,1379,0,0,0,0,0,0,0,0,0
3,1380,1378,1376,0,0,0,0,0,0,0
2,1379,1376,0,0,0,0,0,0,0,0
1,1384,0,0,0,0,0,0,0,0,0
1,1383,0,0,0,0,0,0,0,0,0
1,1382,0,0,0,0,0,0,0,0,0
1,1381,0,0,0,0,0,0,0,0,0
1,1386,0,0,0,0,0,0,0,0,0
1,1385,0,0,0,0,0,0,0,0,0
0,0,0,0,0,0,0,0,0,0,0
0,0,0,0,0,0,0,0,0,0,0
1,1390,0,0,0,0,0,0,0,0,0
2,1389,1391,0,0,0,0,0,0,0,0
2,1392,1390,0,0,0,0,0,0,0,0
1,1391,0,0,0,0,0,0,0,0,0
2,1399,1398,0,0,0,0,0,0,0,0
0,0,0,0,0,0,0,0,0,0,0
1,1396,0,0,0,0,0,0,0,0,0
3,1398,1397,1395,0,0,0,0,0,0,0
1,1396,0,0,0,0,0,0,0,0,0
4,1413,1399,1396,1393,0,0,0,0,0,0
3,1400,1398,1393,0,0,0,0,0,0,0
3,1401,1408,1399,0,0,0,0,0,0,0
1,1400,0,0,0,0,0,0,0,0,0
1,1403,0,0,0,0,0,0,0,0,0
1,1402,0,0,0,0,0,0,0,0,0
0,0,0,0,0,0,0,0,0,0,0
0,0,0,0,0,0,0,0,0,0,0
0,0,0,0,0,0,0,0,0,0,0
1,1408,0,0,0,0,0,0,0,0,0
3,1409,1407,1400,0,0,0,0,0,0,0
2,1408,1410,0,0,0,0,0,0,0,0
1,1409,0,0,0,0,0,0,0,0,0
1,1412,0,0,0,0,0,0,0,0,0
2,1411,1413,0,0,0,0,0,0,0,0
4,1398,1416,1414,1412,0,0,0,0,0,0
2,1415,1413,0,0,0,0,0,0,0,0
2,1416,1414,0,0,0,0,0,0,0,0
4,1417,1415,1413,1421,0,0,0,0,0,0
1,1416,0,0,0,0,0,0,0,0,0
1,1419,0,0,0,0,0,0,0,0,0
1,1418,0,0,0,0,0,0,0,0,0
0,0,0,0,0,0,0,0,0,0,0
2,1422,1416,0,0,0,0,0,0,0,0
3,1424,1425,1421,0,0,0,0,0,0,0
1,1424,0,0,0,0,0,0,0,0,0
3,1423,1425,1422,0,0,0,0,0,0,0
3,1426,1424,1422,0,0,0,0,0,0,0
2,1425,1429,0,0,0,0,0,0,0,0
1,1428,0,0,0,0,0,0,0,0,0
2,1429,1427,0,0,0,0,0,0,0,0
2,1428,1426,0,0,0,0,0,0,0,0
1,1431,0,0,0,0,0,0,0,0,0
1,1430,0,0,0,0,0,0,0,0,0
1,1433,0,0,0,0,0,0,0,0,0
2,1432,1434,0,0,0,0,0,0,0,0
4,1435,1437,1433,1436,0,0,0,0,0,0
3,1532,1434,1436,0,0,0,0,0,0,0
2,1435,1434,0,0,0,0,0,0,0,0
1,1434,0,0,0,0,0,0,0,0,0
0,0,0,0,0,0,0,0,0,0,0
1,1442,0,0,0,0,0,0,0,0,0
1,1441,0,0,0,0,0,0,0,0,0
3,1442,1444,1440,0,0,0,0,0,0,0
2,1441,1439,0,0,0,0,0,0,0,0
0,0,0,0,0,0,0,0,0,0,0
2,1445,1441,0,0,0,0,0,0,0,0
2,1444,1446,0,0,0,0,0,0,0,0
2,1447,1445,0,0,0,0,0,0,0,0
2,1448,1446,0,0,0,0,0,0,0,0
2,1447,1449,0,0,0,0,0,0,0,0
2,1450,1448,0,0,0,0,0,0,0,0
2,1449,1451,0,0,0,0,0,0,0,0
1,1450,0,0,0,0,0,0,0,0,0
0,0,0,0,0,0,0,0,0,0,0
0,0,0,0,0,0,0,0,0,0,0
1,1455,0,0,0,0,0,0,0,0,0
2,1456,1454,0,0,0,0,0,0,0,0
2,1455,1457,0,0,0,0,0,0,0,0
3,1268,1456,1269,0,0,0,0,0,0,0
1,1461,0,0,0,0,0,0,0,0,0
0,0,0,0,0,0,0,0,0,0,0
0,0,0,0,0,0,0,0,0,0,0
1,1458,0,0,0,0,0,0,0,0,0
1,1463,0,0,0,0,0,0,0,0,0
2,1464,1462,0,0,0,0,0,0,0,0
2,1465,1463,0,0,0,0,0,0,0,0
1,1464,0,0,0,0,0,0,0,0,0
1,1467,0,0,0,0,0,0,0,0,0
1,1466,0,0,0,0,0,0,0,0,0
2,1469,1490,0,0,0,0,0,0,0,0
2,1470,1468,0,0,0,0,0,0,0,0
2,1469,1471,0,0,0,0,0,0,0,0
1,1470,0,0,0,0,0,0,0,0,0
2,1473,1493,0,0,0,0,0,0,0,0
2,1472,1474,0,0,0,0,0,0,0,0
1,1473,0,0,0,0,0,0,0,0,0
0,0,0,0,0,0,0,0,0,0,0
1,1477,0,0,0,0,0,0,0,0,0
1,1476,0,0,0,0,0,0,0,0,0
1,1479,0,0,0,0,0,0,0,0,0
1,1478,0,0,0,0,0,0,0,0,0
2,1482,1483,0,0,0,0,0,0,0,0
0,0,0,0,0,0,0,0,0,0,0
1,1480,0,0,0,0,0,0,0,0,0
4,1484,1486,1480,1485,0,0,0,0,0,0
2,1483,1485,0,0,0,0,0,0,0,0
2,1484,1483,0,0,0,0,0,0,0,0
1,1483,0,0,0,0,0,0,0,0,0
0,0,0,0,0,0,0,0,0,0,0
1,1489,0,0,0,0,0,0,0,0,0
2,1490,1488,0,0,0,0,0,0,0,0
2,1489,1468,0,0,0,0,0,0,0,0
0,0,0,0,0,0,0,0,0,0,0
0,0,0,0,0,0,0,0,0,0,0
1,1472,0,0,0,0,0,0,0,0,0
2,1499,1497,0,0,0,0,0,0,0,0
2,1496,1549,0,0,0,0,0,0,0,0
3,1551,1495,1497,0,0,0,0,0,0,0
3,1494,1499,1496,0,0,0,0,0,0,0
0,0,0,0,0,0,0,0,0,0,0
2,1494,1497,0,0,0,0,0,0,0,0
0,0,0,0,0,0,0,0,0,0,0
2,1502,1506,0,0,0,0,0,0,0,0
3,1503,1501,1504,0,0,0,0,0,0,0
3,1504,1502,1506,0,0,0,0,0,0,0
3,1503,1502,1505,0,0,0,0,0,0,0
1,1504,0,0,0,0,0,0,0,0,0
2,1503,1501,0,0,0,0,0,0,0,0
2,1508,1510,0,0,0,0,0,0,0,0
1,1507,0,0,0,0,0,0,0,0,0
0,0,0,0,0,0,0,0,0,0,0
1,1507,0,0,0,0,0,0,0,0,0
1,1512,0,0,0,0,0,0,0,0,0
2,1513,1511,0,0,0,0,0,0,0,0
1,1512,0,0,0,0,0,0,0,0,0
1,1515,0,0,0,0,0,0,0,0,0
1,1514,0,0,0,0,0,0,0,0,0
2,1517,1519,0,0,0,0,0,0,0,0
1,1516,0,0,0,0,0,0,0,0,0
0,0,0,0,0,0,0,0,0,0,0
1,1516,0,0,0,0,0,0,0,0,0
0,0,0,0,0,0,0,0,0,0,0
0,0,0,0,0,0,0,0,0,0,0
1,1523,0,0,0,0,0,0,0,0,0
2,1522,1524,0,0,0,0,0,0,0,0
2,1525,1523,0,0,0,0,0,0,0,0
1,1524,0,0,0,0,0,0,0,0,0
1,1527,0,0,0,0,0,0,0,0,0
2,1526,1528,0,0,0,0,0,0,0,0
2,1529,1527,0,0,0,0,0,0,0,0
2,1528,1530,0,0,0,0,0,0,0,0
2,1529,1531,0,0,0,0,0,0,0,0
3,1673,1532,1530,0,0,0,0,0,0,0
2,1435,1531,0,0,0,0,0,0,0,0
2,1534,1671,0,0,0,0,0,0,0,0
2,1535,1533,0,0,0,0,0,0,0,0
2,1534,1536,0,0,0,0,0,0,0,0
2,1535,1537,0,0,0,0,0,0,0,0
2,1536,1538,0,0,0,0,0,0,0,0
3,1539,1541,1537,0,0,0,0,0,0,0
3,1538,1540,1542,0,0,0,0,0,0,0
2,1539,1662,0,0,0,0,0,0,0,0
2,1544,1538,0,0,0,0,0,0,0,0
3,1545,1543,1539,0,0,0,0,0,0,0
2,1544,1542,0,0,0,0,0,0,0,0
3,1543,1711,1541,0,0,0,0,0,0,0
1,1542,0,0,0,0,0,0,0,0,0
1,1547,0,0,0,0,0,0,0,0,0
3,1548,1546,1653,0,0,0,0,0,0,0
1,1547,0,0,0,0,0,0,0,0,0
2,1550,1495,0,0,0,0,0,0,0,0
2,1549,1554,0,0,0,0,0,0,0,0
1,1496,0,0,0,0,0,0,0,0,0
1,1553,0,0,0,0,0,0,0,0,0
1,1552,0,0,0,0,0,0,0,0,0
2,1555,1550,0,0,0,0,0,0,0,0
3,1557,1554,1556,0,0,0,0,0,0,0
1,1555,0,0,0,0,0,0,0,0,0
1,1555,0,0,0,0,0,0,0,0,0
0,0,0,0,0,0,0,0,0,0,0
0,0,0,0,0,0,0,0,0,0,0
2,1561,1563,0,0,0,0,0,0,0,0
2,1560,1562,0,0,0,0,0,0,0,0
1,1561,0,0,0,0,0,0,0,0,0
3,1564,1567,1560,0,0,0,0,0,0,0
3,1567,1565,1563,0,0,0,0,0,0,0
3,1564,1568,1566,0,0,0,0,0,0,0
2,1569,1565,0,0,0,0,0,0,0,0
2,1564,1563,0,0,0,0,0,0,0,0
1,1565,0,0,0,0,0,0,0,0,0
1,1566,0,0,0,0,0,0,0,0,0
0,0,0,0,0,0,0,0,0,0,0
2,1576,1572,0,0,0,0,0,0,0,0
2,1573,1571,0,0,0,0,0,0,0,0
1,1572,0,0,0,0,0,0,0,0,0
0,0,0,0,0,0,0,0,0,0,0
1,1576,0,0,0,0,0,0,0,0,0
2,1575,1571,0,0,0,0,0,0,0,0
0,0,0,0,0,0,0,0,0,0,0
3,1581,1579,1580,0,0,0,0,0,0,0
2,1578,1580,0,0,0,0,0,0,0,0
2,1579,1578,0,0,0,0,0,0,0,0
1,1578,0,0,0,0,0,0,0,0,0
0,0,0,0,0,0,0,0,0,0,0
0,0,0,0,0,0,0,0,0,0,0
0,0,0,0,0,0,0,0,0,0,0
1,1590,0,0,0,0,0,0,0,0,0
1,1587,0,0,0,0,0,0,0,0,0
2,1590,1586,0,0,0,0,0,0,0,0
0,0,0,0,0,0,0,0,0,0,0
0,0,0,0,0,0,0,0,0,0,0
2,1587,1585,0,0,0,0,0,0,0,0
1,1592,0,0,0,0,0,0,0,0,0
2,1593,1591,0,0,0,0,0,0,0,0
2,1594,1592,0,0,0,0,0,0,0,0
1,1593,0,0,0,0,0,0,0,0,0
0,0,0,0,0,0,0,0,0,0,0
1,1597,0,0,0,0,0,0,0,0,0
4,1598,1596,1599,1600,0,0,0,0,0,0
2,1597,1599,0,0,0,0,0,0,0,0
3,1598,1597,1600,0,0,0,0,0,0,0
2,1597,1599,0,0,0,0,0,0,0,0
1,1602,0,0,0,0,0,0,0,0,0
3,1603,1601,1606,0,0,0,0,0,0,0
2,1602,1606,0,0,0,0,0,0,0,0
1,1605,0,0,0,0,0,0,0,0,0
3,1604,1606,1608,0,0,0,0,0,0,0
3,1605,1603,1602,0,0,0,0,0,0,0
1,1608,0,0,0,0,0,0,0,0,0
2,1607,1605,0,0,0,0,0,0,0,0
0,0,0,0,0,0,0,0,0,0,0
0,0,0,0,0,0,0,0,0,0,0
1,1612,0,0,0,0,0,0,0,0,0
1,1611,0,0,0,0,0,0,0,0,0
1,1614,0,0,0,0,0,0,0,0,0
1,1613,0,0,0,0,0,0,0,0,0
0,0,0,0,0,0,0,0,0,0,0
1,1617,0,0,0,0,0,0,0,0,0
2,1637,1616,0,0,0,0,0,0,0,0
0,0,0,0,0,0,0,0,0,0,0
2,1635,1620,0,0,0,0,0,0,0,0
2,1621,1619,0,0,0,0,0,0,0,0
3,1622,1620,1633,0,0,0,0,0,0,0
1,1621,0,0,0,0,0,0,0,0,0
1,1624,0,0,0,0,0,0,0,0,0
1,1623,0,0,0,0,0,0,0,0,0
1,1626,0,0,0,0,0,0,0,0,0
2,1625,1627,0,0,0,0,0,0,0,0
1,1626,0,0,0,0,0,0,0,0,0
1,1629,0,0,0,0,0,0,0,0,0
3,1630,1693,1628,0,0,0,0,0,0,0
4,1629,1631,1693,1692,0,0,0,0,0,0
2,1630,1632,0,0,0,0,0,0,0,0
3,1691,1633,1631,0,0,0,0,0,0,0
3,1632,1634,1621,0,0,0,0,0,0,0
2,1633,1689,0,0,0,0,0,0,0,0
2,1636,1619,0,0,0,0,0,0,0,0
3,1637,1687,1635,0,0,0,0,0,0,0
2,1617,1636,0,0,0,0,0,0,0,0
1,1685,0,0,0,0,0,0,0,0,0
1,1684,0,0,0,0,0,0,0,0,0
1,1642,0,0,0,0,0,0,0,0,0
0,0,0,0,0,0,0,0,0,0,0
2,1644,1640,0,0,0,0,0,0,0,0
0,0,0,0,0,0,0,0,0,0,0
2,1645,1642,0,0,0,0,0,0,0,0
2,1646,1644,0,0,0,0,0,0,0,0
2,1647,1645,0,0,0,0,0,0,0,0
2,1646,1648,0,0,0,0,0,0,0,0
2,1649,1647,0,0,0,0,0,0,0,0
2,1648,1650,0,0,0,0,0,0,0,0
2,1651,1649,0,0,0,0,0,0,0,0
2,1650,1652,0,0,0,0,0,0,0,0
1,1651,0,0,0,0,0,0,0,0,0
2,1654,1547,0,0,0,0,0,0,0,0
2,1653,1655,0,0,0,0,0,0,0,0
1,1654,0,0,0,0,0,0,0,0,0
0,0,0,0,0,0,0,0,0,0,0
0,0,0,0,0,0,0,0,0,0,0
1,1659,0,0,0,0,0,0,0,0,0
2,1658,1660,0,0,0,0,0,0,0,0
4,1708,1661,1659,1707,0,0,0,0,0,0
2,1660,1707,0,0,0,0,0,0,0,0
2,1540,1706,0,0,0,0,0,0,0,0
1,1664,0,0,0,0,0,0,0,0,0
3,1665,1663,1704,0,0,0,0,0,0,0
4,1666,1675,1664,1674,0,0,0,0,0,0
3,1702,1665,1667,0,0,0,0,0,0,0
4,1668,1672,1666,1670,0,0,0,0,0,0
2,1667,1669,0,0,0,0,0,0,0,0
1,1668,0,0,0,0,0,0,0,0,0
3,1672,1671,1667,0,0,0,0,0,0,0
3,1533,1670,1672,0,0,0,0,0,0,0
3,1667,1670,1671,0,0,0,0,0,0,0
2,1531,1674,0,0,0,0,0,0,0,0
3,1675,1665,1673,0,0,0,0,0,0,0
3,1665,1676,1674,0,0,0,0,0,0,0
1,1675,0,0,0,0,0,0,0,0,0
0,0,0,0,0,0,0,0,0,0,0
1,1679,0,0,0,0,0,0,0,0,0
2,1680,1678,0,0,0,0,0,0,0,0
1,1679,0,0,0,0,0,0,0,0,0
1,1682,0,0,0,0,0,0,0,0,0
1,1681,0,0,0,0,0,0,0,0,0
0,0,0,0,0,0,0,0,0,0,0
2,1685,1639,0,0,0,0,0,0,0,0
3,1638,1684,1686,0,0,0,0,0,0,0
1,1685,0,0,0,0,0,0,0,0,0
1,1636,0,0,0,0,0,0,0,0,0
0,0,0,0,0,0,0,0,0,0,0
1,1634,0,0,0,0,0,0,0,0,0
1,1691,0,0,0,0,0,0,0,0,0
3,1632,1692,1690,0,0,0,0,0,0,0
3,1693,1691,1630,0,0,0,0,0,0,0
4,1694,1692,1629,1630,0,0,0,0,0,0
2,1693,1695,0,0,0,0,0,0,0,0
2,1696,1694,0,0,0,0,0,0,0,0
2,1695,1697,0,0,0,0,0,0,0,0
2,1698,1696,0,0,0,0,0,0,0,0
1,1697,0,0,0,0,0,0,0,0,0
2,1700,1701,0,0,0,0,0,0,0,0
2,1699,1720,0,0,0,0,0,0,0,0
2,1719,1699,0,0,0,0,0,0,0,0
2,1666,1704,0,0,0,0,0,0,0,0
0,0,0,0,0,0,0,0,0,0,0
2,1664,1702,0,0,0,0,0,0,0,0
2,1706,1715,0,0,0,0,0,0,0,0
2,1705,1662,0,0,0,0,0,0,0,0
3,1708,1661,1660,0,0,0,0,0,0,0
3,1660,1707,1709,0,0,0,0,0,0,0
2,1710,1708,0,0,0,0,0,0,0,0
1,1709,0,0,0,0,0,0,0,0,0
1,1544,0,0,0,0,0,0,0,0,0
2,1713,1714,0,0,0,0,0,0,0,0
2,1712,1714,0,0,0,0,0,0,0,0
2,1712,1713,0,0,0,0,0,0,0,0
1,1705,0,0,0,0,0,0,0,0,0
1,1717,0,0,0,0,0,0,0,0,0
1,1716,0,0,0,0,0,0,0,0,0
0,0,0,0,0,0,0,0,0,0,0
2,1720,1701,0,0,0,0,0,0,0,0
3,1721,1719,1700,0,0,0,0,0,0,0
2,1720,1722,0,0,0,0,0,0,0,0
1,1721,0,0,0,0,0,0,0,0,0
